  0  3.606024e-14  1.997591e-14  1.103950e-14  5.681804e-15  3.329270e-16
  1  3.904504e-14  2.054611e-14  1.144774e-14  5.899569e-15  3.029112e-16
  2  2.859278e-14  1.549706e-14  8.999940e-15  4.902642e-15  3.411363e-16
  3  2.690837e-14  1.513316e-14  8.628429e-15  4.553278e-15  3.535920e-16
  4  3.178161e-14  1.913882e-14  1.117911e-14  5.753589e-15  3.276273e-16
  5  4.313492e-14  2.472314e-14  1.436172e-14  7.318635e-15  3.677588e-16
  6  4.540294e-14  2.452706e-14  1.404044e-14  6.934878e-15  3.396982e-16
  7  3.856068e-14  2.061446e-14  1.165342e-14  6.270853e-15  3.294310e-16
  8  2.813914e-14  1.575498e-14  9.196240e-15  4.981553e-15  3.396514e-16
  9  2.277630e-14  1.444780e-14  8.350980e-15  4.816638e-15  3.644682e-16
 10  2.173578e-14  1.392126e-14  8.330923e-15  4.679256e-15  3.833528e-16
 11  2.432446e-14  1.465681e-14  8.338623e-15  4.263796e-15  3.157573e-16
 12  2.924660e-14  1.896255e-14  1.154659e-14  5.797623e-15  3.006749e-16
 13  3.969652e-14  2.395728e-14  1.496083e-14  7.451398e-15  4.496414e-16
 14  4.914386e-14  2.815239e-14  1.712877e-14  8.546421e-15  4.230360e-16
 15  5.279230e-14  2.827588e-14  1.693150e-14  8.273303e-15  4.458274e-16
 16  4.532150e-14  2.423296e-14  1.441934e-14  7.437455e-15  3.626847e-16
 17  3.642616e-14  1.989990e-14  1.152477e-14  6.287259e-15  3.727294e-16
 18  2.639501e-14  1.571595e-14  9.559623e-15  5.082289e-15  3.589488e-16
 19  2.269713e-14  1.449472e-14  8.556983e-15  4.859346e-15  3.301208e-16
 20  2.213749e-14  1.527745e-14  8.810601e-15  5.403054e-15  3.782400e-16
 21  1.980604e-14  1.421309e-14  8.722510e-15  5.135183e-15  3.713838e-16
 22  1.976960e-14  1.310931e-14  7.786222e-15  4.308716e-15  3.281281e-16
 23  2.244128e-14  1.420004e-14  8.205525e-15  4.203892e-15  2.496220e-16
 24  2.844725e-14  1.868614e-14  1.133654e-14  5.695621e-15  2.726148e-16
 25  3.736068e-14  2.383536e-14  1.467095e-14  6.923158e-15  4.917235e-16
 26  4.576851e-14  2.679023e-14  1.670020e-14  8.135361e-15  5.097183e-16
 27  5.395249e-14  3.170577e-14  1.993861e-14  9.720577e-15  5.071074e-16
 28  5.955008e-14  3.315836e-14  2.041333e-14  9.834139e-15  5.444974e-16
 29  5.716424e-14  3.090430e-14  1.881105e-14  9.363332e-15  4.716330e-16
 30  4.571611e-14  2.487868e-14  1.524248e-14  8.004172e-15  4.078490e-16
 31  3.309881e-14  1.881668e-14  1.155475e-14  6.041441e-15  4.483741e-16
 32  2.448409e-14  1.550178e-14  9.920443e-15  5.139895e-15  4.100855e-16
 33  2.275235e-14  1.561285e-14  1.006116e-14  5.863703e-15  4.057022e-16
 34  2.329580e-14  1.546223e-14  9.235264e-15  5.675304e-15  3.902564e-16
 35  1.927089e-14  1.332597e-14  8.148411e-15  4.836556e-15  3.300314e-16
 36  1.833549e-14  1.348368e-14  8.537680e-15  4.896470e-15  3.030731e-16
 37  1.796810e-14  1.277666e-14  7.747070e-15  4.356852e-15  2.574702e-16
 38  1.926811e-14  1.236379e-14  7.040783e-15  4.106106e-15  2.532850e-16
 39  2.186331e-14  1.353302e-14  7.884417e-15  4.114734e-15  2.072502e-16
 40  2.509218e-14  1.549142e-14  9.219746e-15  4.636305e-15  2.453918e-16
 41  3.424427e-14  2.196961e-14  1.299144e-14  6.196197e-15  3.674358e-16
 42  4.289429e-14  2.663113e-14  1.593234e-14  7.518924e-15  5.263379e-16
 43  5.377303e-14  3.224673e-14  2.023407e-14  9.920392e-15  5.503890e-16
 44  6.459121e-14  3.866785e-14  2.398641e-14  1.154077e-14  5.981312e-16
 45  6.818107e-14  3.852603e-14  2.286927e-14  1.095223e-14  5.125655e-16
 46  6.014694e-14  3.343576e-14  2.021876e-14  1.030021e-14  4.554716e-16
 47  4.042584e-14  2.289141e-14  1.472537e-14  7.854946e-15  4.842868e-16
 48  2.667534e-14  1.643414e-14  1.078018e-14  5.444340e-15  4.887484e-16
 49  2.286321e-14  1.542349e-14  1.039309e-14  5.951375e-15  4.222171e-16
 50  2.354403e-14  1.673964e-14  1.062397e-14  6.751203e-15  4.782138e-16
 51  1.780607e-14  1.152180e-14  7.122811e-15  4.048110e-15  2.770999e-16
 52  1.616629e-14  1.088690e-14  6.983772e-15  3.821400e-15  2.137605e-16
 53  1.794636e-14  1.236812e-14  7.596881e-15  4.085310e-15  2.126157e-16
 54  1.880245e-14  1.203064e-14  6.976223e-15  3.926064e-15  2.594672e-16
 55  2.059767e-14  1.204461e-14  6.741439e-15  3.574189e-15  2.366098e-16
 56  2.983813e-14  1.820541e-14  1.069115e-14  5.239798e-15  3.232097e-16
 57  3.972757e-14  2.503611e-14  1.436005e-14  6.638592e-15  4.294577e-16
 58  5.016903e-14  3.058098e-14  1.849796e-14  9.016668e-15  5.167899e-16
 59  6.559745e-14  3.938103e-14  2.431038e-14  1.202846e-14  6.363423e-16
 60  7.414412e-14  4.281438e-14  2.551118e-14  1.242409e-14  5.499019e-16
 61  7.399900e-14  4.142137e-14  2.348764e-14  1.165131e-14  4.642605e-16
 62  5.341935e-14  3.017859e-14  1.895079e-14  1.028012e-14  4.895396e-16
 63  3.322832e-14  1.971403e-14  1.290733e-14  7.096853e-15  5.034773e-16
 64  2.458809e-14  1.527842e-14  1.044180e-14  5.824654e-15  4.030901e-16
 65  2.300453e-14  1.567022e-14  1.043542e-14  6.675655e-15  4.695962e-16
 66  1.911762e-14  1.255361e-14  7.815014e-15  4.708060e-15  3.392666e-16
 67  1.523258e-14  9.641197e-15  6.212681e-15  3.265252e-15  1.666177e-16
 68  1.614365e-14  1.040821e-14  6.370891e-15  3.526856e-15  1.582881e-16
 69  1.863812e-14  1.176658e-14  7.094386e-15  3.664448e-15  3.002925e-16
 70  2.017469e-14  1.162927e-14  6.657910e-15  3.474828e-15  3.277264e-16
 71  2.287437e-14  1.379537e-14  7.879193e-15  3.734806e-15  2.781973e-16
 72  2.540401e-14  1.547123e-14  9.128303e-15  4.412908e-15  3.228288e-16
 73  3.477930e-14  2.065054e-14  1.170352e-14  5.439529e-15  3.650208e-16
 74  4.551438e-14  2.725057e-14  1.577306e-14  7.432576e-15  4.527222e-16
 75  6.336064e-14  3.670802e-14  2.189294e-14  1.085952e-14  5.850065e-16
 76  7.412864e-14  4.300995e-14  2.587402e-14  1.314952e-14  6.181596e-16
 77  8.185294e-14  4.556212e-14  2.612181e-14  1.291349e-14  5.659291e-16
 78  6.857497e-14  3.839642e-14  2.243178e-14  1.191885e-14  5.366808e-16
 79  4.355407e-14  2.524558e-14  1.623391e-14  9.151671e-15  5.368427e-16
 80  3.010727e-14  1.751419e-14  1.160592e-14  6.764313e-15  4.016277e-16
 81  2.456714e-14  1.513624e-14  1.022116e-14  6.433464e-15  4.061227e-16
 82  2.124841e-14  1.301684e-14  8.497498e-15  5.312460e-15  4.167391e-16
 83  1.740565e-14  1.071193e-14  6.862419e-15  3.744321e-15  2.311505e-16
 84  1.659769e-14  1.029512e-14  6.579293e-15  3.703173e-15  1.643313e-16
 85  1.725829e-14  1.102054e-14  6.683159e-15  3.534717e-15  2.283631e-16
 86  1.984364e-14  1.133583e-14  7.023155e-15  3.566122e-15  4.247697e-16
 87  2.114776e-14  1.209296e-14  6.851706e-15  3.403679e-15  2.792551e-16
 88  2.889678e-14  1.675319e-14  9.769079e-15  4.563977e-15  3.388178e-16
 89  3.932251e-14  2.232631e-14  1.287804e-14  5.838860e-15  3.813395e-16
 90  5.845830e-14  3.210398e-14  1.817263e-14  8.802397e-15  5.069706e-16
 91  7.391150e-14  4.176431e-14  2.415583e-14  1.226927e-14  6.121192e-16
 92  8.253192e-14  4.675428e-14  2.755657e-14  1.370975e-14  6.734848e-16
 93  8.122041e-14  4.550001e-14  2.635046e-14  1.347195e-14  6.479027e-16
 94  5.608744e-14  3.173077e-14  2.006819e-14  1.090114e-14  6.461942e-16
 95  3.800508e-14  2.118490e-14  1.367121e-14  7.862520e-15  4.536147e-16
 96  2.875275e-14  1.656147e-14  1.097136e-14  6.838872e-15  3.363131e-16
 97  2.351989e-14  1.353984e-14  9.048828e-15  5.716469e-15  4.527995e-16
 98  2.026480e-14  1.127419e-14  7.366583e-15  4.267464e-15  3.262209e-16
 99  1.948445e-14  1.215576e-14  7.955966e-15  4.555506e-15  2.400426e-16
100  1.867797e-14  1.163744e-14  7.365485e-15  4.133954e-15  2.723218e-16
101  1.957117e-14  1.174824e-14  7.347069e-15  3.841713e-15  3.455425e-16
102  2.019145e-14  1.102000e-14  6.812499e-15  3.516318e-15  3.442229e-16
103  2.166738e-14  1.253925e-14  7.343648e-15  3.700206e-15  2.085891e-16
104  2.439928e-14  1.369197e-14  8.282761e-15  4.053320e-15  2.458224e-16
105  3.300214e-14  1.883437e-14  1.100044e-14  4.810341e-15  3.271678e-16
106  4.701736e-14  2.502872e-14  1.455500e-14  6.790370e-15  4.096183e-16
107  7.100541e-14  3.814433e-14  2.082911e-14  1.036397e-14  5.555326e-16
108  7.975117e-14  4.581320e-14  2.595670e-14  1.283910e-14  6.045275e-16
109  8.778463e-14  4.971953e-14  2.900872e-14  1.417159e-14  7.438363e-16
110  6.852355e-14  3.913474e-14  2.435826e-14  1.289772e-14  6.883121e-16
111  4.660665e-14  2.561650e-14  1.675467e-14  9.066640e-15  5.469180e-16
112  3.290671e-14  1.770743e-14  1.173510e-14  6.998304e-15  3.520644e-16
113  2.522489e-14  1.483886e-14  9.739233e-15  6.172538e-15  4.101321e-16
114  2.257641e-14  1.166190e-14  7.805824e-15  4.748559e-15  4.088383e-16
115  2.074800e-14  1.257592e-14  8.231009e-15  4.855390e-15  3.457979e-16
116  2.122952e-14  1.312115e-14  8.736461e-15  5.239901e-15  3.933146e-16
117  2.127557e-14  1.338847e-14  8.459537e-15  4.806861e-15  3.911488e-16
118  2.007686e-14  1.129083e-14  7.073889e-15  3.677041e-15  3.199983e-16
119  1.883465e-14  1.067240e-14  6.570101e-15  3.298841e-15  1.934055e-16
120  2.816637e-14  1.620523e-14  9.841832e-15  4.537344e-15  3.025937e-16
121  3.676580e-14  2.046844e-14  1.255552e-14  5.650411e-15  3.314710e-16
122  5.600922e-14  2.965992e-14  1.666904e-14  8.122445e-15  4.176536e-16
123  7.245433e-14  4.022978e-14  2.188575e-14  1.084817e-14  4.883117e-16
124  8.502982e-14  4.849009e-14  2.709552e-14  1.296003e-14  6.053179e-16
125  7.741824e-14  4.477431e-14  2.669355e-14  1.381020e-14  6.645816e-16
126  5.450425e-14  3.040413e-14  1.986415e-14  1.071749e-14  5.691705e-16
127  3.673132e-14  2.005064e-14  1.324578e-14  7.313838e-15  3.972364e-16
128  2.601879e-14  1.530120e-14  1.018271e-14  6.250592e-15  3.945910e-16
129  2.355095e-14  1.288039e-14  8.475689e-15  5.168913e-15  4.607658e-16
130  2.229589e-14  1.221332e-14  7.949293e-15  4.826235e-15  4.294408e-16
131  2.112437e-14  1.365403e-14  9.275495e-15  5.574169e-15  4.648635e-16
132  2.233910e-14  1.421277e-14  9.506361e-15  5.796376e-15  5.503362e-16
133  2.075678e-14  1.239848e-14  7.741252e-15  4.304120e-15  2.999448e-16
134  1.801183e-14  1.073768e-14  6.654058e-15  3.205110e-15  2.355879e-16
135  2.101695e-14  1.187388e-14  7.500816e-15  3.696610e-15  2.147317e-16
136  2.574203e-14  1.440074e-14  9.306189e-15  4.688410e-15  3.196952e-16
137  3.044102e-14  1.814293e-14  1.146398e-14  5.478789e-15  3.107856e-16
138  4.103490e-14  2.242687e-14  1.390641e-14  6.743025e-15  3.205629e-16
139  5.816257e-14  3.161431e-14  1.763988e-14  8.623117e-15  3.664465e-16
140  7.230465e-14  4.008705e-14  2.210367e-14  1.076681e-14  4.087336e-16
141  7.736434e-14  4.368272e-14  2.431626e-14  1.235989e-14  5.366035e-16
142  5.930473e-14  3.393318e-14  2.088805e-14  1.157597e-14  5.432811e-16
143  4.061406e-14  2.276391e-14  1.484944e-14  8.081155e-15  4.076109e-16
144  2.709417e-14  1.630406e-14  1.088794e-14  6.139715e-15  4.034605e-16
145  2.475631e-14  1.494878e-14  9.611006e-15  5.589487e-15  4.515036e-16
146  2.535221e-14  1.369419e-14  8.423295e-15  4.793693e-15  4.415566e-16
147  2.151059e-14  1.339855e-14  8.836859e-15  5.209781e-15  4.807626e-16
148  2.102068e-14  1.371722e-14  9.602391e-15  5.658974e-15  5.188692e-16
149  2.055954e-14  1.304197e-14  8.661715e-15  4.955994e-15  3.757214e-16
150  1.813344e-14  1.106035e-14  6.877970e-15  3.595545e-15  2.086999e-16
151  1.954597e-14  1.158307e-14  7.319044e-15  3.548254e-15  2.583157e-16
152  2.820460e-14  1.656486e-14  1.079502e-14  5.671797e-15  3.159999e-16
153  3.288957e-14  1.938276e-14  1.263039e-14  6.514250e-15  3.010236e-16
154  4.463200e-14  2.471354e-14  1.486913e-14  7.156375e-15  3.337298e-16
155  5.828624e-14  3.148398e-14  1.787521e-14  8.636547e-15  3.467381e-16
156  6.574249e-14  3.562305e-14  1.979160e-14  1.002239e-14  4.053589e-16
157  5.790235e-14  3.258511e-14  1.867005e-14  1.016589e-14  4.839207e-16
158  4.246524e-14  2.399051e-14  1.524489e-14  8.412385e-15  4.297873e-16
159  2.980622e-14  1.752700e-14  1.161838e-14  6.271067e-15  3.787991e-16
160  2.651830e-14  1.634672e-14  1.035200e-14  5.563358e-15  3.906316e-16
161  2.922310e-14  1.785502e-14  1.005654e-14  5.168310e-15  3.722212e-16
162  2.458670e-14  1.549099e-14  8.914739e-15  4.899297e-15  3.737867e-16
163  2.011951e-14  1.286342e-14  8.661138e-15  4.945791e-15  3.866129e-16
164  1.890417e-14  1.224288e-14  8.563868e-15  4.716650e-15  3.328185e-16
165  1.814028e-14  1.176871e-14  7.747627e-15  4.299330e-15  2.385038e-16
166  1.965977e-14  1.184197e-14  7.609429e-15  4.170513e-15  2.592517e-16
167  2.546949e-14  1.386173e-14  8.940305e-15  4.708428e-15  3.384202e-16
168  3.012983e-14  1.789258e-14  1.148270e-14  6.024145e-15  3.266617e-16
169  3.558169e-14  2.105051e-14  1.333022e-14  6.715788e-15  3.530950e-16
170  4.791431e-14  2.638181e-14  1.549793e-14  7.669456e-15  3.652817e-16
171  5.135213e-14  2.825523e-14  1.633986e-14  8.490366e-15  3.820394e-16
172  4.110969e-14  2.349704e-14  1.453986e-14  7.597235e-15  3.961885e-16
173  3.021360e-14  1.706158e-14  1.128077e-14  5.918395e-15  3.633433e-16
174  2.907093e-14  1.772604e-14  1.024002e-14  5.266881e-15  3.445836e-16
175  2.796560e-14  1.918420e-14  1.007674e-14  5.215409e-15  2.960101e-16
176  2.036814e-14  1.350509e-14  8.458924e-15  4.829313e-15  2.667544e-16
177  1.817926e-14  1.173042e-14  8.148251e-15  4.613406e-15  2.573164e-16
178  2.083865e-14  1.322263e-14  8.711435e-15  5.067773e-15  2.882989e-16
179  2.746595e-14  1.533750e-14  9.772997e-15  5.279051e-15  3.464964e-16
180  3.197267e-14  1.956821e-14  1.225847e-14  6.203638e-15  4.114578e-16
181  3.756300e-14  2.206685e-14  1.356949e-14  7.161365e-15  3.893377e-16
182  3.871746e-14  2.245490e-14  1.380452e-14  7.338073e-15  3.407897e-16
183  3.037471e-14  1.731582e-14  1.115749e-14  5.776452e-15  3.457256e-16
184  2.753637e-14  1.725576e-14  9.770852e-15  5.205834e-15  3.306307e-16
185  2.232276e-14  1.521365e-14  9.256782e-15  5.201219e-15  2.361146e-16
186  2.094403e-14  1.359023e-14  9.174543e-15  5.191113e-15  2.512567e-16
187  2.808468e-14  1.704811e-14  1.074467e-14  5.652177e-15  3.658657e-16
188  3.162688e-14  1.972262e-14  1.220299e-14  6.460344e-15  4.352529e-16
189  3.000325e-14  1.795674e-14  1.130170e-14  6.160227e-15  3.500397e-16
190  2.441180e-14  1.558462e-14  9.607302e-15  5.319001e-15  2.897793e-16
191  2.592784e-14  1.672355e-14  1.060560e-14  5.594207e-15  3.303681e-16
