Num   theta     phi         ul          ul_err   
  0   0.102    0.785   4.985556e-15  5.937060e-16
  1   0.102    2.356   5.308632e-15  2.967936e-16
  2   0.102    3.927   4.196662e-15  2.131695e-16
  3   0.102    5.498   3.696374e-15  1.641617e-16
  4   0.204    0.393   4.654064e-15  3.595099e-16
  5   0.204    1.178   5.571741e-15  1.895578e-16
  6   0.204    1.963   4.990576e-15  3.594810e-16
  7   0.204    2.749   5.609950e-15  2.827272e-16
  8   0.204    3.534   4.085011e-15  2.866815e-16
  9   0.204    4.320   4.208037e-15  2.132857e-16
 10   0.204    5.105   3.904990e-15  2.473713e-16
 11   0.204    5.890   4.035819e-15  2.598692e-16
 12   0.307    0.262   4.752358e-15  3.107620e-16
 13   0.307    0.785   5.326579e-15  4.128285e-16
 14   0.307    1.309   5.826045e-15  3.988424e-16
 15   0.307    1.833   6.042524e-15  5.151633e-16
 16   0.307    2.356   5.531336e-15  4.107034e-16
 17   0.307    2.880   4.679945e-15  3.093368e-16
 18   0.307    3.403   3.786322e-15  2.362069e-16
 19   0.307    3.927   3.523473e-15  1.502323e-16
 20   0.307    4.451   3.915378e-15  1.806895e-16
 21   0.307    4.974   3.603057e-15  2.386334e-16
 22   0.307    5.498   3.879060e-15  5.720773e-16
 23   0.307    6.021   3.972065e-15  2.281943e-16
 24   0.411    0.196   5.040647e-15  3.761016e-16
 25   0.411    0.589   5.336094e-15  9.460614e-16
 26   0.411    0.982   5.396720e-15  1.973423e-16
 27   0.411    1.374   7.088967e-15  1.128946e-15
 28   0.411    1.767   5.907531e-15  2.951508e-16
 29   0.411    2.160   7.050133e-15  8.190881e-16
 30   0.411    2.553   5.271415e-15  4.025079e-16
 31   0.411    2.945   4.837221e-15  2.166027e-16
 32   0.411    3.338   3.881315e-15  3.769202e-16
 33   0.411    3.731   3.973558e-15  2.675612e-16
 34   0.411    4.123   4.116948e-15  3.351066e-16
 35   0.411    4.516   3.821290e-15  2.200376e-16
 36   0.411    4.909   3.552468e-15  3.410523e-16
 37   0.411    5.301   3.816255e-15  1.995186e-16
 38   0.411    5.694   3.810364e-15  9.557054e-17
 39   0.411    6.087   4.749504e-15  2.740121e-16
 40   0.516    0.157   4.392182e-15  1.201985e-16
 41   0.516    0.471   5.803861e-15  6.922285e-16
 42   0.516    0.785   6.067637e-15  6.132967e-16
 43   0.516    1.100   6.196773e-15  4.008506e-16
 44   0.516    1.414   8.203511e-15  9.272570e-16
 45   0.516    1.728   6.483666e-15  3.460348e-16
 46   0.516    2.042   6.847365e-15  4.517028e-16
 47   0.516    2.356   5.678503e-15  3.978183e-16
 48   0.516    2.670   4.718468e-15  1.964447e-16
 49   0.516    2.985   4.336485e-15  2.469029e-16
 50   0.516    3.299   3.907488e-15  2.280995e-16
 51   0.516    3.613   3.832977e-15  2.473987e-16
 52   0.516    3.927   3.293308e-15  2.130961e-16
 53   0.516    4.241   3.363194e-15  1.759163e-16
 54   0.516    4.555   3.149951e-15  8.628164e-17
 55   0.516    4.869   2.789966e-15  2.168903e-16
 56   0.516    5.184   3.387615e-15  1.609724e-16
 57   0.516    5.498   3.518231e-15  1.883777e-16
 58   0.516    5.812   3.740748e-15  1.125190e-16
 59   0.516    6.126   4.144577e-15  3.002770e-16
 60   0.622    0.131   4.435343e-15  1.763905e-16
 61   0.622    0.393   5.480176e-15  4.429368e-16
 62   0.622    0.654   5.404478e-15  2.320985e-16
 63   0.622    0.916   7.447232e-15  4.958554e-16
 64   0.622    1.178   7.411214e-15  4.264007e-16
 65   0.622    1.440   7.762488e-15  4.936368e-16
 66   0.622    1.702   7.193932e-15  4.230111e-16
 67   0.622    1.963   7.322010e-15  4.212095e-16
 68   0.622    2.225   6.007466e-15  3.037706e-16
 69   0.622    2.487   5.567805e-15  2.117087e-16
 70   0.622    2.749   5.426089e-15  2.129287e-16
 71   0.622    3.011   4.178463e-15  1.595003e-16
 72   0.622    3.272   3.924481e-15  8.741740e-17
 73   0.622    3.534   3.303878e-15  1.906148e-16
 74   0.622    3.796   3.922213e-15  1.864444e-16
 75   0.622    4.058   3.165664e-15  1.507305e-16
 76   0.622    4.320   2.704766e-15  1.593798e-16
 77   0.622    4.581   2.976125e-15  1.261839e-16
 78   0.622    4.843   2.874783e-15  1.304847e-16
 79   0.622    5.105   3.068635e-15  5.008263e-16
 80   0.622    5.367   3.284786e-15  1.746561e-16
 81   0.622    5.629   3.191237e-15  8.786856e-17
 82   0.622    5.890   3.267654e-15  1.548122e-16
 83   0.622    6.152   3.975736e-15  4.050266e-16
 84   0.731    0.112   4.438088e-15  3.734793e-16
 85   0.731    0.337   4.944147e-15  1.963509e-16
 86   0.731    0.561   6.086704e-15  4.162606e-16
 87   0.731    0.785   6.942820e-15  4.207179e-16
 88   0.731    1.010   6.998220e-15  4.728476e-16
 89   0.731    1.234   8.150905e-15  6.751071e-16
 90   0.731    1.459   9.141984e-15  2.986499e-16
 91   0.731    1.683   8.054063e-15  7.206818e-16
 92   0.731    1.907   8.533932e-15  9.315318e-16
 93   0.731    2.132   6.682539e-15  2.915837e-16
 94   0.731    2.356   5.868344e-15  5.998406e-16
 95   0.731    2.581   5.972663e-15  3.129688e-16
 96   0.731    2.805   4.967883e-15  3.646249e-16
 97   0.731    3.029   4.672261e-15  3.802291e-16
 98   0.731    3.254   3.722778e-15  2.678683e-16
 99   0.731    3.478   3.529189e-15  2.080435e-16
100   0.731    3.703   3.320352e-15  4.434777e-16
101   0.731    3.927   3.327725e-15  1.680079e-16
102   0.731    4.151   2.944739e-15  1.711772e-16
103   0.731    4.376   2.823751e-15  1.994930e-16
104   0.731    4.600   3.131233e-15  1.098666e-16
105   0.731    4.825   2.591704e-15  2.912021e-16
106   0.731    5.049   2.607897e-15  1.713686e-16
107   0.731    5.273   2.860031e-15  1.460550e-16
108   0.731    5.498   3.012347e-15  1.317849e-16
109   0.731    5.722   3.355599e-15  1.019822e-16
110   0.731    5.947   3.953460e-15  1.411954e-16
111   0.731    6.171   3.659796e-15  3.227475e-16
112   0.841    0.098   3.840042e-15  2.084579e-16
113   0.841    0.295   4.710301e-15  2.250554e-16
114   0.841    0.491   5.233269e-15  2.835374e-16
115   0.841    0.687   5.922367e-15  1.820964e-16
116   0.841    0.884   7.844169e-15  6.356650e-16
117   0.841    1.080   8.528010e-15  4.415896e-16
118   0.841    1.276   8.555971e-15  5.238169e-16
119   0.841    1.473   8.665147e-15  3.099489e-16
120   0.841    1.669   8.775553e-15  5.308855e-16
121   0.841    1.865   7.922957e-15  3.113261e-16
122   0.841    2.062   7.753120e-15  4.585181e-16
123   0.841    2.258   6.971457e-15  6.039671e-16
124   0.841    2.454   5.882872e-15  3.087811e-16
125   0.841    2.651   6.133234e-15  3.048155e-16
126   0.841    2.847   5.251519e-15  3.268745e-16
127   0.841    3.043   4.412980e-15  2.470444e-16
128   0.841    3.240   3.879585e-15  5.243557e-16
129   0.841    3.436   3.710429e-15  1.743270e-16
130   0.841    3.632   3.169044e-15  2.649936e-16
131   0.841    3.829   2.988302e-15  1.173016e-16
132   0.841    4.025   2.576231e-15  1.863989e-16
133   0.841    4.222   2.797143e-15  9.670654e-17
134   0.841    4.418   2.795640e-15  1.373371e-16
135   0.841    4.614   2.506301e-15  2.197988e-16
136   0.841    4.811   2.630882e-15  1.576293e-16
137   0.841    5.007   2.527660e-15  1.058573e-16
138   0.841    5.203   2.893361e-15  1.318873e-16
139   0.841    5.400   2.681554e-15  2.231581e-16
140   0.841    5.596   2.988982e-15  1.757005e-16
141   0.841    5.792   3.284517e-15  1.631634e-16
142   0.841    5.989   3.206418e-15  2.052196e-16
143   0.841    6.185   3.971618e-15  2.332027e-16
144   0.948    0.000   3.537802e-15  2.179653e-16
145   0.948    0.196   4.699343e-15  3.367138e-16
146   0.948    0.393   5.192404e-15  6.830426e-16
147   0.948    0.589   5.913281e-15  4.178244e-16
148   0.948    0.785   6.849901e-15  3.833393e-16
149   0.948    0.982   7.453062e-15  7.831146e-16
150   0.948    1.178   8.832486e-15  7.196810e-16
151   0.948    1.374   9.915059e-15  9.789360e-16
152   0.948    1.571   1.040492e-14  7.879180e-16
153   0.948    1.767   9.743522e-15  5.937208e-16
154   0.948    1.963   9.091546e-15  3.700628e-16
155   0.948    2.160   7.559822e-15  4.457121e-16
156   0.948    2.356   8.276702e-15  4.943530e-16
157   0.948    2.553   6.434998e-15  3.548038e-16
158   0.948    2.749   6.084591e-15  4.825069e-16
159   0.948    2.945   4.538271e-15  2.434614e-16
160   0.948    3.142   4.323815e-15  2.949738e-16
161   0.948    3.338   3.603497e-15  1.432095e-16
162   0.948    3.534   3.238507e-15  1.810895e-16
163   0.948    3.731   2.857708e-15  2.054378e-16
164   0.948    3.927   2.501546e-15  2.324834e-16
165   0.948    4.123   2.712397e-15  1.232691e-16
166   0.948    4.320   2.348503e-15  1.108996e-16
167   0.948    4.516   2.511772e-15  2.188616e-16
168   0.948    4.712   2.377630e-15  9.173020e-17
169   0.948    4.909   2.273707e-15  1.037106e-16
170   0.948    5.105   2.566365e-15  1.706689e-16
171   0.948    5.301   2.547174e-15  1.299012e-16
172   0.948    5.498   2.554205e-15  1.118797e-16
173   0.948    5.694   2.487459e-15  1.430718e-16
174   0.948    5.890   2.976193e-15  1.494606e-16
175   0.948    6.087   3.774901e-15  1.380359e-16
176   1.047    0.098   3.861361e-15  1.667880e-16
177   1.047    0.295   4.782056e-15  2.923633e-16
178   1.047    0.491   6.019757e-15  2.770590e-16
179   1.047    0.687   6.747980e-15  2.840630e-16
180   1.047    0.884   8.252297e-15  9.339309e-16
181   1.047    1.080   8.437979e-15  5.081957e-16
182   1.047    1.276   8.778342e-15  3.293235e-16
183   1.047    1.473   1.058692e-14  6.121560e-16
184   1.047    1.669   1.261380e-14  9.166461e-16
185   1.047    1.865   1.053237e-14  7.272725e-16
186   1.047    2.062   8.441232e-15  3.485806e-16
187   1.047    2.258   8.357574e-15  3.408662e-16
188   1.047    2.454   7.359806e-15  4.987264e-16
189   1.047    2.651   5.450518e-15  2.776015e-16
190   1.047    2.847   5.623560e-15  6.166303e-16
191   1.047    3.043   4.237444e-15  2.128625e-16
192   1.047    3.240   4.123014e-15  1.961159e-16
193   1.047    3.436   3.146729e-15  1.976269e-16
194   1.047    3.632   3.195294e-15  1.966781e-16
195   1.047    3.829   2.668018e-15  2.017649e-16
196   1.047    4.025   2.376247e-15  1.375389e-16
197   1.047    4.222   2.452377e-15  1.488904e-16
198   1.047    4.418   2.550318e-15  3.439281e-17
199   1.047    4.614   2.496300e-15  1.316913e-16
200   1.047    4.811   2.314198e-15  1.361021e-16
201   1.047    5.007   2.710760e-15  1.490939e-16
202   1.047    5.203   2.428588e-15  2.021887e-16
203   1.047    5.400   2.232445e-15  9.838074e-17
204   1.047    5.596   2.625872e-15  1.280733e-16
205   1.047    5.792   3.177121e-15  2.178751e-16
206   1.047    5.989   2.865001e-15  1.478445e-16
207   1.047    6.185   3.578089e-15  2.344419e-16
208   1.141    0.000   3.647663e-15  2.040989e-16
209   1.141    0.196   4.086954e-15  2.800694e-16
210   1.141    0.393   4.962822e-15  2.092192e-16
211   1.141    0.589   6.138900e-15  4.939917e-16
212   1.141    0.785   7.877460e-15  4.213471e-16
213   1.141    0.982   8.012341e-15  3.109854e-16
214   1.141    1.178   9.549490e-15  5.229657e-16
215   1.141    1.374   1.048801e-14  4.230407e-16
216   1.141    1.571   1.214495e-14  1.253276e-15
217   1.141    1.767   1.203701e-14  1.198448e-15
218   1.141    1.963   9.712756e-15  3.239175e-16
219   1.141    2.160   9.056237e-15  5.242394e-16
220   1.141    2.356   7.545291e-15  2.383123e-16
221   1.141    2.553   7.078699e-15  4.920327e-16
222   1.141    2.749   5.612026e-15  2.835017e-16
223   1.141    2.945   4.462182e-15  2.339794e-16
224   1.141    3.142   4.416458e-15  2.303642e-16
225   1.141    3.338   3.589888e-15  2.271284e-16
226   1.141    3.534   3.178460e-15  1.299477e-16
227   1.141    3.731   2.535400e-15  8.013963e-17
228   1.141    3.927   2.641702e-15  1.531083e-16
229   1.141    4.123   2.210729e-15  1.163130e-16
230   1.141    4.320   2.300091e-15  1.338345e-16
231   1.141    4.516   2.318780e-15  2.108911e-16
232   1.141    4.712   2.006948e-15  9.768253e-17
233   1.141    4.909   2.122068e-15  9.643742e-17
234   1.141    5.105   2.176163e-15  1.559217e-16
235   1.141    5.301   2.342571e-15  9.975777e-17
236   1.141    5.498   2.599280e-15  1.349863e-16
237   1.141    5.694   2.582680e-15  1.220218e-16
238   1.141    5.890   2.981609e-15  1.045539e-16
239   1.141    6.087   3.274115e-15  2.359359e-16
240   1.231    0.098   4.372362e-15  2.865479e-16
241   1.231    0.295   5.093049e-15  4.179835e-16
242   1.231    0.491   5.539745e-15  3.841740e-16
243   1.231    0.687   6.228399e-15  3.717283e-16
244   1.231    0.884   7.090159e-15  3.979765e-16
245   1.231    1.080   9.113732e-15  3.740928e-16
246   1.231    1.276   1.096398e-14  6.380513e-16
247   1.231    1.473   1.171091e-14  5.421846e-16
248   1.231    1.669   1.328089e-14  1.087154e-15
249   1.231    1.865   1.015231e-14  5.862812e-16
250   1.231    2.062   9.698869e-15  4.427948e-16
251   1.231    2.258   8.042112e-15  3.834847e-16
252   1.231    2.454   8.662730e-15  5.044178e-16
253   1.231    2.651   5.846282e-15  2.343503e-16
254   1.231    2.847   5.206565e-15  2.536432e-16
255   1.231    3.043   3.938404e-15  1.429868e-16
256   1.231    3.240   3.216006e-15  2.569800e-16
257   1.231    3.436   3.088887e-15  2.045292e-16
258   1.231    3.632   2.691092e-15  1.535955e-16
259   1.231    3.829   2.298601e-15  6.899946e-17
260   1.231    4.025   2.094677e-15  1.787058e-16
261   1.231    4.222   2.272855e-15  1.129894e-16
262   1.231    4.418   2.026332e-15  1.369880e-16
263   1.231    4.614   2.185987e-15  2.915468e-16
264   1.231    4.811   2.168246e-15  1.605923e-16
265   1.231    5.007   2.058428e-15  1.089466e-16
266   1.231    5.203   1.882038e-15  1.223375e-16
267   1.231    5.400   2.384195e-15  4.007971e-16
268   1.231    5.596   2.670499e-15  2.361413e-16
269   1.231    5.792   2.556065e-15  1.127918e-16
270   1.231    5.989   2.795897e-15  1.360388e-16
271   1.231    6.185   3.459511e-15  1.982221e-16
272   1.318    0.000   3.472251e-15  1.083565e-16
273   1.318    0.196   3.941784e-15  4.313885e-16
274   1.318    0.393   4.999775e-15  4.165162e-16
275   1.318    0.589   6.142797e-15  4.798221e-16
276   1.318    0.785   6.975632e-15  4.212335e-16
277   1.318    0.982   9.145795e-15  4.837281e-16
278   1.318    1.178   9.583454e-15  3.980123e-16
279   1.318    1.374   1.091425e-14  4.238686e-16
280   1.318    1.571   1.235462e-14  5.050408e-16
281   1.318    1.767   1.130957e-14  3.498993e-16
282   1.318    1.963   1.017650e-14  5.466518e-16
283   1.318    2.160   9.765234e-15  5.426953e-16
284   1.318    2.356   8.928884e-15  6.478554e-16
285   1.318    2.553   8.490428e-15  4.743484e-16
286   1.318    2.749   6.026564e-15  3.534482e-16
287   1.318    2.945   4.644686e-15  3.698045e-16
288   1.318    3.142   3.945603e-15  1.339315e-16
289   1.318    3.338   3.404214e-15  1.972309e-16
290   1.318    3.534   2.994424e-15  1.806331e-16
291   1.318    3.731   3.156913e-15  3.397904e-16
292   1.318    3.927   2.599238e-15  1.282236e-16
293   1.318    4.123   2.208451e-15  1.215414e-16
294   1.318    4.320   1.955719e-15  1.065624e-16
295   1.318    4.516   1.981998e-15  1.528409e-16
296   1.318    4.712   2.038343e-15  1.728148e-16
297   1.318    4.909   2.139304e-15  1.037915e-16
298   1.318    5.105   2.595415e-15  2.024199e-16
299   1.318    5.301   2.540415e-15  1.598215e-16
300   1.318    5.498   2.247033e-15  1.656318e-16
301   1.318    5.694   2.535217e-15  2.015383e-16
302   1.318    5.890   2.789778e-15  1.869565e-16
303   1.318    6.087   3.123892e-15  1.534954e-16
304   1.403    0.098   3.842679e-15  1.443080e-16
305   1.403    0.295   4.393306e-15  2.082161e-16
306   1.403    0.491   6.023997e-15  5.783256e-16
307   1.403    0.687   7.561464e-15  6.431474e-16
308   1.403    0.884   8.234145e-15  9.513192e-16
309   1.403    1.080   9.064887e-15  6.552405e-16
310   1.403    1.276   1.221217e-14  1.742608e-15
311   1.403    1.473   1.354179e-14  1.156854e-15
312   1.403    1.669   1.256384e-14  5.144751e-16
313   1.403    1.865   1.101375e-14  3.945613e-16
314   1.403    2.062   9.920113e-15  6.240120e-16
315   1.403    2.258   1.052890e-14  6.202277e-16
316   1.403    2.454   7.943139e-15  5.609466e-16
317   1.403    2.651   6.640137e-15  2.276715e-16
318   1.403    2.847   4.921310e-15  3.874577e-16
319   1.403    3.043   4.244131e-15  2.255127e-16
320   1.403    3.240   3.662953e-15  1.364878e-16
321   1.403    3.436   2.766582e-15  1.537105e-16
322   1.403    3.632   2.933229e-15  2.222998e-16
323   1.403    3.829   2.505860e-15  1.832427e-16
324   1.403    4.025   2.551799e-15  2.052476e-16
325   1.403    4.222   1.965491e-15  1.787494e-16
326   1.403    4.418   2.221157e-15  1.238696e-16
327   1.403    4.614   1.822870e-15  1.080009e-16
328   1.403    4.811   1.894354e-15  1.429485e-16
329   1.403    5.007   2.269174e-15  7.277229e-17
330   1.403    5.203   2.505652e-15  9.452848e-17
331   1.403    5.400   2.381275e-15  8.724160e-17
332   1.403    5.596   2.239848e-15  1.007743e-16
333   1.403    5.792   2.506450e-15  2.606435e-16
334   1.403    5.989   2.824151e-15  1.353191e-16
335   1.403    6.185   3.044514e-15  1.634464e-16
336   1.487    0.000   3.577979e-15  1.684581e-16
337   1.487    0.196   4.114099e-15  4.680512e-16
338   1.487    0.393   5.382548e-15  3.183243e-16
339   1.487    0.589   7.664978e-15  5.191593e-16
340   1.487    0.785   8.256184e-15  6.944337e-16
341   1.487    0.982   8.733749e-15  3.973393e-16
342   1.487    1.178   1.088491e-14  4.678808e-16
343   1.487    1.374   1.305892e-14  1.133182e-15
344   1.487    1.571   1.362881e-14  8.552190e-16
345   1.487    1.767   1.172485e-14  4.231748e-16
346   1.487    1.963   1.112473e-14  5.947794e-16
347   1.487    2.160   9.834656e-15  5.392961e-16
348   1.487    2.356   8.836918e-15  5.198696e-16
349   1.487    2.553   8.007482e-15  4.567094e-16
350   1.487    2.749   6.018488e-15  3.007798e-16
351   1.487    2.945   4.882179e-15  3.220609e-16
352   1.487    3.142   4.176478e-15  4.779384e-16
353   1.487    3.338   3.669677e-15  2.291618e-16
354   1.487    3.534   2.893449e-15  1.872183e-16
355   1.487    3.731   2.310142e-15  1.130969e-16
356   1.487    3.927   2.544901e-15  1.119430e-16
357   1.487    4.123   2.368618e-15  2.187812e-16
358   1.487    4.320   1.996023e-15  1.008136e-16
359   1.487    4.516   2.186026e-15  9.862388e-17
360   1.487    4.712   1.882978e-15  8.903066e-17
361   1.487    4.909   1.970514e-15  1.020895e-16
362   1.487    5.105   2.576109e-15  1.609416e-16
363   1.487    5.301   2.772987e-15  1.193100e-16
364   1.487    5.498   2.432028e-15  1.215240e-16
365   1.487    5.694   2.550677e-15  1.757984e-16
366   1.487    5.890   2.527218e-15  1.445629e-16
367   1.487    6.087   3.230659e-15  2.180332e-16
368   1.571    0.098   4.089586e-15  2.557284e-16
369   1.571    0.295   4.967165e-15  2.274609e-16
370   1.571    0.491   5.756518e-15  3.552663e-16
371   1.571    0.687   6.549920e-15  3.924136e-16
372   1.571    0.884   9.270340e-15  4.906638e-16
373   1.571    1.080   1.108257e-14  5.093270e-16
374   1.571    1.276   1.275394e-14  8.653295e-16
375   1.571    1.473   1.289623e-14  4.084946e-16
376   1.571    1.669   1.212042e-14  8.609356e-16
377   1.571    1.865   1.150342e-14  9.092209e-16
378   1.571    2.062   1.088540e-14  3.662359e-16
379   1.571    2.258   8.424424e-15  6.098183e-16
380   1.571    2.454   8.814423e-15  4.851380e-16
381   1.571    2.651   6.316889e-15  4.801084e-16
382   1.571    2.847   5.524538e-15  6.152606e-16
383   1.571    3.043   4.227189e-15  2.596064e-16
384   1.571    3.240   3.954066e-15  2.264060e-16
385   1.571    3.436   3.236251e-15  1.987120e-16
386   1.571    3.632   3.108864e-15  2.864764e-16
387   1.571    3.829   2.904549e-15  1.994207e-16
388   1.571    4.025   2.412191e-15  1.717111e-16
389   1.571    4.222   2.200931e-15  1.764077e-16
390   1.571    4.418   2.065119e-15  1.081767e-16
391   1.571    4.614   2.140381e-15  9.460218e-17
392   1.571    4.811   2.327847e-15  1.703230e-16
393   1.571    5.007   2.277344e-15  1.788714e-16
394   1.571    5.203   2.403815e-15  8.350204e-17
395   1.571    5.400   2.300355e-15  1.143172e-16
396   1.571    5.596   2.084961e-15  1.385549e-16
397   1.571    5.792   3.048622e-15  2.397462e-16
398   1.571    5.989   2.891134e-15  1.135566e-16
399   1.571    6.185   3.196046e-15  2.424120e-16
400   1.654    0.000   3.142211e-15  9.520621e-17
401   1.654    0.196   4.324531e-15  2.140014e-16
402   1.654    0.393   5.217357e-15  3.500108e-16
403   1.654    0.589   6.210969e-15  2.776173e-16
404   1.654    0.785   8.402815e-15  7.163839e-16
405   1.654    0.982   8.198851e-15  4.774788e-16
406   1.654    1.178   9.629609e-15  2.789893e-16
407   1.654    1.374   1.109872e-14  5.771804e-16
408   1.654    1.571   1.256683e-14  9.261958e-16
409   1.654    1.767   1.188725e-14  3.055134e-16
410   1.654    1.963   1.203920e-14  7.013348e-16
411   1.654    2.160   1.034940e-14  6.114917e-16
412   1.654    2.356   8.360849e-15  4.493059e-16
413   1.654    2.553   6.721999e-15  4.422429e-16
414   1.654    2.749   5.715953e-15  2.983066e-16
415   1.654    2.945   4.568477e-15  4.962644e-16
416   1.654    3.142   3.776908e-15  3.924491e-16
417   1.654    3.338   3.525916e-15  2.980381e-16
418   1.654    3.534   2.885899e-15  1.625557e-16
419   1.654    3.731   2.590518e-15  1.680934e-16
420   1.654    3.927   2.575087e-15  3.580804e-16
421   1.654    4.123   2.453915e-15  1.549366e-16
422   1.654    4.320   2.343870e-15  1.765395e-16
423   1.654    4.516   2.093482e-15  1.066626e-16
424   1.654    4.712   2.556797e-15  2.079897e-16
425   1.654    4.909   2.097893e-15  9.136056e-17
426   1.654    5.105   2.138404e-15  1.541557e-16
427   1.654    5.301   2.616422e-15  1.752578e-16
428   1.654    5.498   2.127611e-15  1.077424e-16
429   1.654    5.694   2.347269e-15  1.097293e-16
430   1.654    5.890   2.469090e-15  1.443123e-16
431   1.654    6.087   2.968192e-15  1.411052e-16
432   1.738    0.098   3.302200e-15  3.105282e-16
433   1.738    0.295   4.013891e-15  2.045038e-16
434   1.738    0.491   5.333001e-15  2.746115e-16
435   1.738    0.687   7.632580e-15  6.585784e-16
436   1.738    0.884   8.103402e-15  3.664037e-16
437   1.738    1.080   9.363564e-15  4.171149e-16
438   1.738    1.276   1.012316e-14  6.290032e-16
439   1.738    1.473   1.152966e-14  5.589411e-16
440   1.738    1.669   1.283645e-14  4.235955e-16
441   1.738    1.865   1.099994e-14  8.502736e-16
442   1.738    2.062   1.069668e-14  4.967489e-16
443   1.738    2.258   7.944230e-15  2.056234e-16
444   1.738    2.454   7.347640e-15  3.365424e-16
445   1.738    2.651   6.047280e-15  2.705359e-16
446   1.738    2.847   5.016039e-15  2.747521e-16
447   1.738    3.043   4.702389e-15  2.944392e-16
448   1.738    3.240   3.353012e-15  3.039832e-16
449   1.738    3.436   3.038070e-15  2.095211e-16
450   1.738    3.632   2.734026e-15  3.118433e-16
451   1.738    3.829   2.633141e-15  3.215915e-16
452   1.738    4.025   2.695180e-15  2.072636e-16
453   1.738    4.222   2.209477e-15  1.478067e-16
454   1.738    4.418   2.047867e-15  1.055205e-16
455   1.738    4.614   1.948850e-15  2.353797e-16
456   1.738    4.811   2.147219e-15  1.607760e-16
457   1.738    5.007   2.012425e-15  2.358991e-16
458   1.738    5.203   2.094251e-15  1.370840e-16
459   1.738    5.400   2.530981e-15  1.396381e-16
460   1.738    5.596   2.239486e-15  1.226906e-16
461   1.738    5.792   2.647077e-15  1.087867e-16
462   1.738    5.989   2.628418e-15  1.423325e-16
463   1.738    6.185   3.163822e-15  1.630255e-16
464   1.823    0.000   2.931702e-15  1.177592e-16
465   1.823    0.196   3.852674e-15  1.261890e-16
466   1.823    0.393   4.616151e-15  1.819853e-16
467   1.823    0.589   5.556489e-15  4.435276e-16
468   1.823    0.785   7.538302e-15  3.403728e-16
469   1.823    0.982   8.569144e-15  7.125281e-16
470   1.823    1.178   9.787165e-15  3.460037e-16
471   1.823    1.374   9.869555e-15  8.910886e-16
472   1.823    1.571   1.006514e-14  3.751327e-16
473   1.823    1.767   1.116107e-14  8.120881e-16
474   1.823    1.963   1.109491e-14  7.649052e-16
475   1.823    2.160   8.880496e-15  4.774273e-16
476   1.823    2.356   7.667120e-15  3.408125e-16
477   1.823    2.553   6.927709e-15  4.161600e-16
478   1.823    2.749   5.087091e-15  4.921047e-16
479   1.823    2.945   4.293784e-15  1.837057e-16
480   1.823    3.142   4.330367e-15  2.545188e-16
481   1.823    3.338   3.662035e-15  4.449642e-16
482   1.823    3.534   2.872028e-15  1.231427e-16
483   1.823    3.731   2.817698e-15  1.608966e-16
484   1.823    3.927   2.497214e-15  1.365084e-16
485   1.823    4.123   2.672197e-15  2.282295e-16
486   1.823    4.320   2.145565e-15  1.234965e-16
487   1.823    4.516   1.955563e-15  7.967136e-17
488   1.823    4.712   2.246827e-15  1.635894e-16
489   1.823    4.909   2.180896e-15  1.773498e-16
490   1.823    5.105   2.354316e-15  1.293002e-16
491   1.823    5.301   2.265227e-15  1.815480e-16
492   1.823    5.498   2.101796e-15  8.413144e-17
493   1.823    5.694   2.170725e-15  1.607192e-16
494   1.823    5.890   2.452805e-15  9.210424e-17
495   1.823    6.087   2.668875e-15  1.370232e-16
496   1.911    0.098   3.646782e-15  2.203081e-16
497   1.911    0.295   3.963506e-15  1.760311e-16
498   1.911    0.491   4.938814e-15  3.001446e-16
499   1.911    0.687   7.061130e-15  5.554240e-16
500   1.911    0.884   7.593221e-15  5.242592e-16
501   1.911    1.080   8.886610e-15  4.595199e-16
502   1.911    1.276   9.835002e-15  5.007013e-16
503   1.911    1.473   1.147777e-14  3.119241e-16
504   1.911    1.669   1.098734e-14  4.756108e-16
505   1.911    1.865   1.001619e-14  3.432912e-16
506   1.911    2.062   9.484774e-15  4.988213e-16
507   1.911    2.258   8.312014e-15  8.390127e-16
508   1.911    2.454   7.070950e-15  4.896271e-16
509   1.911    2.651   5.051240e-15  2.120929e-16
510   1.911    2.847   5.155927e-15  3.946285e-16
511   1.911    3.043   4.036693e-15  1.590328e-16
512   1.911    3.240   3.712624e-15  2.629478e-16
513   1.911    3.436   3.305605e-15  3.989480e-16
514   1.911    3.632   2.994316e-15  7.353036e-17
515   1.911    3.829   2.597175e-15  1.689772e-16
516   1.911    4.025   2.434390e-15  2.112909e-16
517   1.911    4.222   2.663915e-15  1.080491e-16
518   1.911    4.418   2.080571e-15  1.082927e-16
519   1.911    4.614   2.222331e-15  3.230991e-16
520   1.911    4.811   2.369829e-15  1.529904e-16
521   1.911    5.007   2.229424e-15  1.045484e-16
522   1.911    5.203   2.223299e-15  1.247435e-16
523   1.911    5.400   2.052060e-15  1.045586e-16
524   1.911    5.596   1.980222e-15  1.098563e-16
525   1.911    5.792   2.517655e-15  1.045006e-16
526   1.911    5.989   2.604896e-15  2.508334e-16
527   1.911    6.185   2.949111e-15  1.490416e-16
528   2.001    0.000   3.140655e-15  1.732390e-16
529   2.001    0.196   3.691230e-15  1.022798e-16
530   2.001    0.393   4.361730e-15  1.138286e-16
531   2.001    0.589   4.958855e-15  3.773953e-16
532   2.001    0.785   6.968209e-15  6.969872e-16
533   2.001    0.982   7.842841e-15  3.992145e-16
534   2.001    1.178   8.681207e-15  3.436848e-16
535   2.001    1.374   9.263353e-15  8.261901e-16
536   2.001    1.571   9.670305e-15  5.702795e-16
537   2.001    1.767   9.037871e-15  3.746185e-16
538   2.001    1.963   9.095298e-15  5.932749e-16
539   2.001    2.160   8.332061e-15  3.660792e-16
540   2.001    2.356   6.562981e-15  4.267128e-16
541   2.001    2.553   6.468968e-15  1.229206e-16
542   2.001    2.749   4.662509e-15  2.183209e-16
543   2.001    2.945   4.696446e-15  2.876519e-16
544   2.001    3.142   3.788039e-15  2.300288e-16
545   2.001    3.338   3.220669e-15  3.025023e-16
546   2.001    3.534   2.692775e-15  9.041800e-17
547   2.001    3.731   2.855106e-15  1.310083e-16
548   2.001    3.927   2.710863e-15  1.969312e-16
549   2.001    4.123   2.546414e-15  1.285664e-16
550   2.001    4.320   2.444187e-15  1.600591e-16
551   2.001    4.516   2.371068e-15  1.641447e-16
552   2.001    4.712   2.169781e-15  1.202530e-16
553   2.001    4.909   2.640704e-15  1.905268e-16
554   2.001    5.105   2.163061e-15  1.208663e-16
555   2.001    5.301   2.227579e-15  1.365958e-16
556   2.001    5.498   2.123103e-15  1.556333e-16
557   2.001    5.694   2.355031e-15  9.468906e-17
558   2.001    5.890   2.306663e-15  8.658969e-17
559   2.001    6.087   2.691361e-15  1.201595e-16
560   2.094    0.098   3.606344e-15  2.087909e-16
561   2.094    0.295   3.808147e-15  2.762025e-16
562   2.094    0.491   4.750777e-15  8.690766e-17
563   2.094    0.687   6.585767e-15  5.742263e-16
564   2.094    0.884   6.861751e-15  5.533559e-16
565   2.094    1.080   7.768800e-15  2.854317e-16
566   2.094    1.276   9.338766e-15  4.142541e-16
567   2.094    1.473   8.561108e-15  3.666913e-16
568   2.094    1.669   9.849567e-15  9.976636e-16
569   2.094    1.865   7.618142e-15  5.054664e-16
570   2.094    2.062   7.200759e-15  2.640487e-16
571   2.094    2.258   7.220680e-15  7.699070e-16
572   2.094    2.454   6.165719e-15  2.794433e-16
573   2.094    2.651   5.834645e-15  4.461849e-16
574   2.094    2.847   4.758199e-15  4.164373e-16
575   2.094    3.043   4.153109e-15  2.290130e-16
576   2.094    3.240   3.664004e-15  7.894211e-16
577   2.094    3.436   2.906761e-15  1.289652e-16
578   2.094    3.632   2.942224e-15  4.156860e-16
579   2.094    3.829   2.603869e-15  1.952855e-16
580   2.094    4.025   2.672386e-15  1.736830e-16
581   2.094    4.222   2.581871e-15  2.154171e-16
582   2.094    4.418   2.346092e-15  2.411762e-16
583   2.094    4.614   2.406329e-15  1.989577e-16
584   2.094    4.811   2.384361e-15  1.348548e-16
585   2.094    5.007   2.097467e-15  1.689745e-16
586   2.094    5.203   2.076604e-15  1.336206e-16
587   2.094    5.400   2.269115e-15  2.032392e-16
588   2.094    5.596   2.345611e-15  1.815618e-16
589   2.094    5.792   2.218175e-15  1.280107e-16
590   2.094    5.989   2.595854e-15  1.533145e-16
591   2.094    6.185   3.031833e-15  1.873895e-16
592   2.194    0.000   3.129668e-15  1.347663e-16
593   2.194    0.196   4.160609e-15  1.616550e-16
594   2.194    0.393   4.690012e-15  2.781892e-16
595   2.194    0.589   5.443342e-15  3.555761e-16
596   2.194    0.785   5.659826e-15  2.182269e-16
597   2.194    0.982   7.605880e-15  8.255722e-16
598   2.194    1.178   8.084258e-15  7.121052e-16
599   2.194    1.374   8.940612e-15  5.598613e-16
600   2.194    1.571   8.350932e-15  5.563683e-16
601   2.194    1.767   7.474379e-15  3.601437e-16
602   2.194    1.963   6.895342e-15  2.589454e-16
603   2.194    2.160   6.653955e-15  3.948635e-16
604   2.194    2.356   6.335043e-15  2.983786e-16
605   2.194    2.553   5.245870e-15  2.509888e-16
606   2.194    2.749   4.991100e-15  4.629285e-16
607   2.194    2.945   3.961499e-15  2.077519e-16
608   2.194    3.142   3.567034e-15  1.994554e-16
609   2.194    3.338   3.110242e-15  1.673360e-16
610   2.194    3.534   2.832530e-15  2.351254e-16
611   2.194    3.731   2.745930e-15  1.784755e-16
612   2.194    3.927   2.483411e-15  1.130656e-16
613   2.194    4.123   2.749189e-15  2.124787e-16
614   2.194    4.320   2.227721e-15  1.507660e-16
615   2.194    4.516   2.125211e-15  1.212643e-16
616   2.194    4.712   2.099831e-15  1.420021e-16
617   2.194    4.909   2.042378e-15  9.996179e-17
618   2.194    5.105   2.140667e-15  1.478247e-16
619   2.194    5.301   2.170547e-15  1.493952e-16
620   2.194    5.498   2.163695e-15  8.651625e-17
621   2.194    5.694   2.383849e-15  1.574315e-16
622   2.194    5.890   2.532757e-15  1.841140e-16
623   2.194    6.087   2.878106e-15  4.735878e-16
624   2.301    0.098   3.296881e-15  3.072116e-16
625   2.301    0.295   3.837097e-15  3.333306e-16
626   2.301    0.491   4.765411e-15  1.998485e-16
627   2.301    0.687   5.563391e-15  3.125421e-16
628   2.301    0.884   6.912768e-15  3.488718e-16
629   2.301    1.080   7.484570e-15  6.269714e-16
630   2.301    1.276   6.927440e-15  3.792831e-16
631   2.301    1.473   7.618446e-15  3.962014e-16
632   2.301    1.669   7.891020e-15  4.319229e-16
633   2.301    1.865   7.236674e-15  4.707007e-16
634   2.301    2.062   6.728197e-15  3.973309e-16
635   2.301    2.258   5.909961e-15  3.293593e-16
636   2.301    2.454   5.299424e-15  3.034792e-16
637   2.301    2.651   4.656875e-15  3.402035e-16
638   2.301    2.847   4.454804e-15  1.984141e-16
639   2.301    3.043   4.373688e-15  1.765039e-16
640   2.301    3.240   3.552310e-15  2.150006e-16
641   2.301    3.436   3.391656e-15  3.005074e-16
642   2.301    3.632   2.835326e-15  1.754728e-16
643   2.301    3.829   2.762805e-15  1.341299e-16
644   2.301    4.025   2.698395e-15  1.341569e-16
645   2.301    4.222   2.603117e-15  1.768708e-16
646   2.301    4.418   2.294119e-15  2.322009e-16
647   2.301    4.614   2.146099e-15  1.371349e-16
648   2.301    4.811   2.520042e-15  2.038054e-16
649   2.301    5.007   1.923190e-15  8.149265e-17
650   2.301    5.203   2.019097e-15  6.033132e-17
651   2.301    5.400   2.188510e-15  1.066229e-16
652   2.301    5.596   2.302694e-15  2.797955e-16
653   2.301    5.792   2.260588e-15  1.331674e-16
654   2.301    5.989   2.529905e-15  1.079592e-16
655   2.301    6.185   3.142370e-15  1.107844e-16
656   2.411    0.112   3.797440e-15  3.507598e-16
657   2.411    0.337   4.541160e-15  3.429839e-16
658   2.411    0.561   4.648777e-15  2.167463e-16
659   2.411    0.785   4.977847e-15  4.318009e-16
660   2.411    1.010   6.086288e-15  3.295006e-16
661   2.411    1.234   6.290419e-15  2.367776e-16
662   2.411    1.459   6.513087e-15  5.139267e-16
663   2.411    1.683   6.432299e-15  3.823942e-16
664   2.411    1.907   6.166202e-15  3.603698e-16
665   2.411    2.132   5.804142e-15  2.392011e-16
666   2.411    2.356   6.133665e-15  2.890390e-16
667   2.411    2.581   4.438532e-15  3.761854e-16
668   2.411    2.805   4.814336e-15  3.317832e-16
669   2.411    3.029   3.607936e-15  2.576333e-16
670   2.411    3.254   2.998802e-15  2.566124e-16
671   2.411    3.478   3.142025e-15  2.700445e-16
672   2.411    3.703   2.954532e-15  1.455021e-16
673   2.411    3.927   2.748274e-15  1.088796e-16
674   2.411    4.151   2.741510e-15  1.491882e-16
675   2.411    4.376   2.217385e-15  1.245523e-16
676   2.411    4.600   2.235462e-15  2.100445e-16
677   2.411    4.825   2.277393e-15  1.030645e-16
678   2.411    5.049   2.168138e-15  1.307572e-16
679   2.411    5.273   2.258065e-15  1.438179e-16
680   2.411    5.498   2.395887e-15  1.272763e-16
681   2.411    5.722   2.534377e-15  1.313540e-16
682   2.411    5.947   2.661386e-15  2.243168e-16
683   2.411    6.171   2.886316e-15  1.177867e-16
684   2.519    0.131   3.431811e-15  2.257646e-16
685   2.519    0.393   5.208478e-15  3.430936e-16
686   2.519    0.654   5.531705e-15  5.553965e-16
687   2.519    0.916   5.464768e-15  3.526851e-16
688   2.519    1.178   5.244857e-15  1.828426e-16
689   2.519    1.440   6.233787e-15  3.772077e-16
690   2.519    1.702   5.612963e-15  6.778238e-16
691   2.519    1.963   5.641650e-15  3.360846e-16
692   2.519    2.225   5.083363e-15  2.472982e-16
693   2.519    2.487   4.592154e-15  2.472768e-16
694   2.519    2.749   4.129551e-15  2.183157e-16
695   2.519    3.011   3.634942e-15  1.502105e-16
696   2.519    3.272   3.389369e-15  1.456312e-16
697   2.519    3.534   3.267983e-15  1.804832e-16
698   2.519    3.796   2.533377e-15  1.791350e-16
699   2.519    4.058   2.941039e-15  2.658553e-16
700   2.519    4.320   2.534996e-15  2.201000e-16
701   2.519    4.581   2.301010e-15  1.556704e-16
702   2.519    4.843   2.179835e-15  1.076635e-16
703   2.519    5.105   2.340273e-15  1.371958e-16
704   2.519    5.367   2.267483e-15  1.086929e-16
705   2.519    5.629   2.731513e-15  1.879676e-16
706   2.519    5.890   2.657034e-15  9.290355e-17
707   2.519    6.152   3.324253e-15  1.496528e-16
708   2.626    0.157   3.559413e-15  2.748043e-16
709   2.626    0.471   4.055844e-15  1.491598e-16
710   2.626    0.785   4.912708e-15  2.251098e-16
711   2.626    1.100   5.133971e-15  3.328844e-16
712   2.626    1.414   5.235550e-15  2.363970e-16
713   2.626    1.728   4.983618e-15  3.476720e-16
714   2.626    2.042   4.608020e-15  2.339403e-16
715   2.626    2.356   4.486969e-15  2.393545e-16
716   2.626    2.670   4.695550e-15  4.802315e-16
717   2.626    2.985   3.427676e-15  2.311520e-16
718   2.626    3.299   3.212135e-15  1.838423e-16
719   2.626    3.613   2.778869e-15  2.094368e-16
720   2.626    3.927   2.551142e-15  1.282811e-16
721   2.626    4.241   2.404338e-15  1.903315e-16
722   2.626    4.555   2.475329e-15  1.318142e-16
723   2.626    4.869   2.380635e-15  1.598777e-16
724   2.626    5.184   2.262449e-15  1.258084e-16
725   2.626    5.498   2.454195e-15  7.983842e-17
726   2.626    5.812   2.698996e-15  2.159668e-16
727   2.626    6.126   3.136324e-15  2.697081e-16
728   2.730    0.196   3.645648e-15  2.724044e-16
729   2.730    0.589   4.053708e-15  2.335321e-16
730   2.730    0.982   4.507838e-15  2.075942e-16
731   2.730    1.374   4.996016e-15  4.289974e-16
732   2.730    1.767   4.503761e-15  2.129655e-16
733   2.730    2.160   4.501717e-15  4.010407e-16
734   2.730    2.553   3.999417e-15  1.763202e-16
735   2.730    2.945   3.423397e-15  3.767106e-16
736   2.730    3.338   3.234529e-15  1.779966e-16
737   2.730    3.731   2.840728e-15  1.556116e-16
738   2.730    4.123   2.677110e-15  2.383272e-16
739   2.730    4.516   2.390316e-15  1.595672e-16
740   2.730    4.909   2.409194e-15  1.002769e-16
741   2.730    5.301   2.785548e-15  1.305374e-16
742   2.730    5.694   2.573822e-15  1.822762e-16
743   2.730    6.087   3.053172e-15  1.824985e-16
744   2.834    0.262   3.340180e-15  3.074516e-16
745   2.834    0.785   3.952467e-15  3.429735e-16
746   2.834    1.309   4.326744e-15  1.711971e-16
747   2.834    1.833   4.530268e-15  4.148989e-16
748   2.834    2.356   4.460006e-15  1.700496e-16
749   2.834    2.880   3.549327e-15  2.518536e-16
750   2.834    3.403   2.822447e-15  1.530811e-16
751   2.834    3.927   3.311591e-15  1.981689e-16
752   2.834    4.451   2.390575e-15  9.353375e-17
753   2.834    4.974   2.512299e-15  1.830285e-16
754   2.834    5.498   2.616888e-15  9.280354e-17
755   2.834    6.021   3.285845e-15  2.423756e-16
756   2.937    0.393   3.241529e-15  2.954407e-16
757   2.937    1.178   3.568945e-15  1.339665e-16
758   2.937    1.963   2.936466e-15  1.519619e-16
759   2.937    2.749   3.847471e-15  2.864645e-16
760   2.937    3.534   3.023257e-15  1.994212e-16
761   2.937    4.320   2.749701e-15  1.969992e-16
762   2.937    5.105   2.844509e-15  1.598205e-16
763   2.937    5.890   3.018244e-15  1.628345e-16
764   3.039    0.785   3.257055e-15  1.609495e-16
765   3.039    2.356   3.915144e-15  3.678455e-16
766   3.039    3.927   2.868365e-15  2.556177e-16
767   3.039    5.498   3.108903e-15  1.308507e-16
