  0  1.088890e-13  6.650009e-14  4.452216e-14  2.327772e-14  2.016224e-15
  1  1.150737e-13  6.354528e-14  3.728806e-14  2.194962e-14  1.718767e-15
  2  8.021368e-14  4.161189e-14  2.392093e-14  1.444003e-14  1.027425e-15
  3  7.114378e-14  4.267465e-14  2.709690e-14  1.432707e-14  1.682183e-15
  4  1.101302e-13  7.107846e-14  4.660759e-14  2.514061e-14  1.699939e-15
  5  1.344547e-13  8.450381e-14  5.396055e-14  2.768225e-14  2.167811e-15
  6  1.445732e-13  8.845621e-14  5.129052e-14  2.816772e-14  2.219947e-15
  7  1.263001e-13  7.250571e-14  4.142743e-14  2.481361e-14  1.482406e-15
  8  9.626559e-14  4.917722e-14  2.781656e-14  1.749729e-14  9.370416e-16
  9  6.442471e-14  3.872312e-14  2.287738e-14  1.275589e-14  1.338219e-15
 10  5.943616e-14  4.006765e-14  2.354383e-14  1.212539e-14  1.775573e-15
 11  8.114108e-14  4.950881e-14  3.196581e-14  1.765804e-14  2.038690e-15
 12  9.721215e-14  6.348478e-14  4.102139e-14  2.405515e-14  1.173655e-15
 13  1.284068e-13  8.368816e-14  5.178314e-14  2.683045e-14  1.505426e-15
 14  1.622357e-13  9.987682e-14  6.158817e-14  3.091279e-14  1.921273e-15
 15  1.786165e-13  1.149474e-13  6.848342e-14  3.676889e-14  2.171909e-15
 16  1.608287e-13  1.016881e-13  6.042720e-14  3.226262e-14  2.159165e-15
 17  1.375305e-13  8.304185e-14  5.307334e-14  2.793273e-14  1.567768e-15
 18  1.005467e-13  5.773055e-14  3.615114e-14  2.091131e-14  1.272687e-15
 19  8.020605e-14  5.025912e-14  3.128788e-14  1.850703e-14  1.689419e-15
 20  6.139296e-14  3.989879e-14  2.559883e-14  1.410429e-14  1.775097e-15
 21  5.911135e-14  4.196758e-14  2.557151e-14  1.275809e-14  1.671244e-15
 22  7.599361e-14  5.358127e-14  3.450277e-14  1.951841e-14  2.460409e-15
 23  8.197976e-14  5.282008e-14  3.509505e-14  2.151324e-14  1.839553e-15
 24  8.009086e-14  5.356932e-14  3.505489e-14  2.101176e-14  1.097687e-15
 25  1.187532e-13  7.371314e-14  4.638545e-14  2.468416e-14  1.058463e-15
 26  1.608896e-13  9.555580e-14  5.713276e-14  2.740065e-14  1.497076e-15
 27  1.990459e-13  1.212677e-13  7.381896e-14  3.661226e-14  1.869057e-15
 28  2.166397e-13  1.449363e-13  8.754944e-14  4.630976e-14  2.138477e-15
 29  1.935744e-13  1.262270e-13  7.699136e-14  4.007904e-14  2.182507e-15
 30  1.699779e-13  1.021099e-13  6.560453e-14  3.378673e-14  2.124790e-15
 31  1.493004e-13  9.167356e-14  5.973137e-14  2.876549e-14  1.591211e-15
 32  1.025278e-13  6.444765e-14  4.225939e-14  2.280371e-14  1.522123e-15
 33  8.326417e-14  5.645181e-14  3.604676e-14  2.138864e-14  1.868364e-15
 34  7.663719e-14  5.105667e-14  3.256036e-14  1.864426e-14  1.873826e-15
 35  6.136432e-14  3.960567e-14  2.710174e-14  1.498279e-14  1.784179e-15
 36  5.752820e-14  4.143510e-14  2.708576e-14  1.430473e-14  1.558968e-15
 37  7.432244e-14  5.587427e-14  3.815354e-14  2.197331e-14  2.270400e-15
 38  8.052271e-14  5.834771e-14  4.017915e-14  2.512207e-14  2.266201e-15
 39  7.425229e-14  5.171552e-14  3.463265e-14  2.205386e-14  1.656168e-15
 40  6.665495e-14  4.587627e-14  2.970044e-14  1.757961e-14  1.452784e-15
 41  9.492480e-14  5.628097e-14  3.652038e-14  1.912699e-14  8.590925e-16
 42  1.625013e-13  9.347616e-14  5.759222e-14  2.849135e-14  1.311873e-15
 43  2.074181e-13  1.164136e-13  6.838960e-14  3.169108e-14  1.619428e-15
 44  2.522165e-13  1.591750e-13  9.486297e-14  4.954839e-14  2.352211e-15
 45  2.424047e-13  1.672193e-13  1.026206e-13  5.415234e-14  3.024684e-15
 46  1.864210e-13  1.178619e-13  7.637859e-14  3.946343e-14  2.247217e-15
 47  1.601906e-13  9.551368e-14  5.858484e-14  2.960410e-14  1.682523e-15
 48  1.206481e-13  7.372368e-14  4.471266e-14  2.310190e-14  1.386473e-15
 49  8.092978e-14  5.461465e-14  3.558383e-14  2.078412e-14  1.718961e-15
 50  7.828182e-14  5.238737e-14  3.262393e-14  1.683342e-14  1.441932e-15
 51  6.252297e-14  4.023854e-14  2.722363e-14  1.368895e-14  1.410168e-15
 52  4.809084e-14  3.236460e-14  2.276598e-14  1.270994e-14  1.368364e-15
 53  6.272947e-14  4.744252e-14  3.303997e-14  1.942793e-14  1.767421e-15
 54  7.670567e-14  5.552689e-14  4.074168e-14  2.572480e-14  2.014033e-15
 55  7.203455e-14  5.022708e-14  3.411072e-14  2.238736e-14  1.766879e-15
 56  7.243257e-14  4.484565e-14  2.910491e-14  1.515572e-14  9.631127e-16
 57  1.348254e-13  7.568794e-14  4.864320e-14  2.539363e-14  9.493682e-16
 58  2.051111e-13  1.134861e-13  6.686125e-14  3.173286e-14  1.473049e-15
 59  2.580518e-13  1.483041e-13  8.853117e-14  4.493657e-14  2.294768e-15
 60  3.138570e-13  2.105429e-13  1.306982e-13  7.455190e-14  4.673700e-15
 61  2.519228e-13  1.706882e-13  1.109290e-13  5.972992e-14  4.422418e-15
 62  1.681328e-13  1.030641e-13  6.367479e-14  3.367935e-14  1.935064e-15
 63  1.286978e-13  7.662326e-14  4.304146e-14  2.329841e-14  1.395091e-15
 64  8.223306e-14  5.216372e-14  3.304799e-14  1.982629e-14  1.562672e-15
 65  6.814723e-14  4.747559e-14  3.047715e-14  1.667584e-14  1.313068e-15
 66  6.126551e-14  4.143608e-14  2.659842e-14  1.154507e-14  9.485822e-16
 67  4.146708e-14  2.646374e-14  1.857326e-14  9.577361e-15  1.115041e-15
 68  4.792124e-14  3.575171e-14  2.569948e-14  1.564900e-14  1.357223e-15
 69  6.262531e-14  4.451768e-14  3.264750e-14  2.041680e-14  1.609057e-15
 70  6.774390e-14  4.677916e-14  3.407991e-14  2.298783e-14  1.598798e-15
 71  6.533297e-14  4.388362e-14  2.871425e-14  1.815963e-14  1.498105e-15
 72  6.553163e-14  4.229232e-14  2.864182e-14  1.614593e-14  1.210179e-15
 73  9.715594e-14  5.856021e-14  3.811106e-14  1.971386e-14  7.443656e-16
 74  1.766470e-13  9.812014e-14  6.103673e-14  3.239134e-14  1.386192e-15
 75  2.345836e-13  1.279743e-13  7.672954e-14  3.887378e-14  1.981956e-15
 76  3.140405e-13  2.030484e-13  1.293140e-13  7.389647e-14  4.402366e-15
 77  3.538630e-13  2.409258e-13  1.588428e-13  9.561464e-14  7.752304e-15
 78  2.384535e-13  1.479664e-13  9.319135e-14  5.076543e-14  3.680057e-15
 79  1.372660e-13  8.466341e-14  4.840493e-14  2.718413e-14  1.694125e-15
 80  9.007517e-14  5.478484e-14  3.351261e-14  2.068059e-14  1.455855e-15
 81  6.329400e-14  4.438346e-14  2.995608e-14  1.834234e-14  1.512910e-15
 82  5.617786e-14  4.144781e-14  2.554217e-14  1.314972e-14  8.869706e-16
 83  4.277665e-14  2.974115e-14  1.866303e-14  8.924268e-15  7.922702e-16
 84  3.890925e-14  2.577193e-14  1.807732e-14  1.090379e-14  1.058895e-15
 85  5.216243e-14  3.626081e-14  2.675484e-14  1.724869e-14  1.240852e-15
 86  5.613473e-14  3.816422e-14  2.841187e-14  1.822513e-14  1.456408e-15
 87  6.302904e-14  4.446280e-14  3.110032e-14  2.056109e-14  1.531379e-15
 88  7.339982e-14  4.890034e-14  3.219119e-14  1.634874e-14  1.064366e-15
 89  1.379318e-13  8.049400e-14  5.122263e-14  2.759371e-14  1.031825e-15
 90  1.981584e-13  1.065074e-13  6.683938e-14  3.594901e-14  1.732910e-15
 91  2.488035e-13  1.509270e-13  9.524373e-14  5.291260e-14  3.017472e-15
 92  3.517561e-13  2.417706e-13  1.631537e-13  9.997076e-14  7.092569e-15
 93  3.402320e-13  2.148729e-13  1.393735e-13  8.374806e-14  7.025630e-15
 94  1.871581e-13  1.129309e-13  6.785269e-14  3.832181e-14  2.414163e-15
 95  1.027126e-13  6.487695e-14  3.973307e-14  2.394774e-14  1.497808e-15
 96  6.982199e-14  4.692249e-14  3.159514e-14  2.018480e-14  1.707531e-15
 97  5.550506e-14  4.179415e-14  2.681366e-14  1.635373e-14  1.170809e-15
 98  4.770997e-14  3.706898e-14  2.146375e-14  1.152624e-14  7.612493e-16
 99  3.488793e-14  2.143160e-14  1.283441e-14  7.106228e-15  5.960957e-16
100  4.868758e-14  3.022603e-14  2.131606e-14  1.329884e-14  8.444453e-16
101  5.413796e-14  3.501792e-14  2.579265e-14  1.686858e-14  1.565021e-15
102  5.707310e-14  4.124973e-14  2.969517e-14  1.889733e-14  1.699071e-15
103  5.974481e-14  4.260260e-14  3.027017e-14  1.755473e-14  1.457846e-15
104  6.173113e-14  4.424986e-14  3.035499e-14  1.566348e-14  1.449367e-15
105  9.957151e-14  6.436560e-14  3.917333e-14  1.926030e-14  8.621454e-16
106  1.683275e-13  9.221136e-14  5.821892e-14  3.079272e-14  1.437006e-15
107  1.942995e-13  1.119888e-13  7.165197e-14  3.955385e-14  2.020993e-15
108  2.629519e-13  1.718126e-13  1.127717e-13  6.543337e-14  3.905965e-15
109  3.438888e-13  2.285875e-13  1.522041e-13  9.609328e-14  7.372513e-15
110  2.635834e-13  1.561427e-13  9.945645e-14  5.973818e-14  4.439288e-15
111  1.326455e-13  8.580632e-14  5.393142e-14  3.131812e-14  1.878530e-15
112  8.430137e-14  5.499913e-14  3.601793e-14  2.304556e-14  1.681033e-15
113  6.427963e-14  4.608283e-14  3.119484e-14  2.006481e-14  1.668316e-15
114  5.189898e-14  4.178513e-14  2.512116e-14  1.449058e-14  9.644114e-16
115  3.773025e-14  2.660384e-14  1.496442e-14  7.968074e-15  4.988945e-16
116  4.158707e-14  2.214953e-14  1.433699e-14  7.604518e-15  4.096940e-16
117  6.300474e-14  3.864672e-14  2.563324e-14  1.626617e-14  1.360146e-15
118  5.688103e-14  3.934591e-14  2.801219e-14  1.840649e-14  2.284594e-15
119  5.635216e-14  4.263034e-14  3.038053e-14  1.831683e-14  1.823481e-15
120  7.717146e-14  5.419699e-14  3.339105e-14  1.764666e-14  1.301770e-15
121  1.395157e-13  8.226811e-14  4.889521e-14  2.318588e-14  1.077373e-15
122  1.685332e-13  9.548320e-14  6.080480e-14  3.056401e-14  1.487266e-15
123  1.965386e-13  1.221493e-13  7.743069e-14  4.205262e-14  2.139759e-15
124  2.744966e-13  1.740264e-13  1.120193e-13  6.840459e-14  4.160781e-15
125  2.796896e-13  1.775551e-13  1.158004e-13  7.491704e-14  5.769910e-15
126  1.791722e-13  1.111210e-13  7.330283e-14  4.453121e-14  3.135324e-15
127  1.110176e-13  7.401031e-14  4.818729e-14  2.886363e-14  1.939039e-15
128  7.798737e-14  5.380011e-14  3.638439e-14  2.379139e-14  1.878607e-15
129  6.035757e-14  4.642618e-14  3.110550e-14  1.922617e-14  1.584678e-15
130  4.552121e-14  3.417844e-14  2.039278e-14  1.122287e-14  7.174870e-16
131  3.640098e-14  2.142466e-14  1.327019e-14  6.411380e-15  3.539041e-16
132  5.879978e-14  3.442030e-14  2.151392e-14  1.190130e-14  7.059291e-16
133  6.668647e-14  4.507541e-14  2.850858e-14  1.911399e-14  2.459420e-15
134  5.750735e-14  4.172272e-14  2.932825e-14  1.901831e-14  2.290123e-15
135  6.047724e-14  4.495423e-14  3.204982e-14  1.831331e-14  1.980728e-15
136  7.864944e-14  5.627693e-14  3.860326e-14  2.385285e-14  2.305937e-15
137  1.167426e-13  7.646038e-14  4.681595e-14  2.444629e-14  1.480903e-15
138  1.636456e-13  9.632613e-14  5.867804e-14  2.653198e-14  1.339251e-15
139  1.600645e-13  9.898240e-14  6.213701e-14  2.985202e-14  1.399918e-15
140  2.162231e-13  1.272252e-13  7.681308e-14  4.276451e-14  2.005299e-15
141  2.473258e-13  1.526741e-13  9.618774e-14  6.183439e-14  3.933706e-15
142  2.017413e-13  1.275531e-13  8.503240e-14  5.589412e-14  4.424290e-15
143  1.399888e-13  9.253317e-14  6.128244e-14  3.643630e-14  2.635041e-15
144  9.821391e-14  6.792936e-14  4.552997e-14  2.775658e-14  2.162824e-15
145  7.547885e-14  5.477858e-14  3.859630e-14  2.427246e-14  2.110479e-15
146  5.677614e-14  4.095049e-14  2.653263e-14  1.604907e-14  1.450530e-15
147  4.132539e-14  2.691042e-14  1.646955e-14  8.735927e-15  4.678811e-16
148  4.332213e-14  2.692515e-14  1.729937e-14  9.222258e-15  3.954852e-16
149  6.570641e-14  4.436536e-14  2.613555e-14  1.647788e-14  1.491392e-15
150  6.081287e-14  4.409440e-14  2.866741e-14  1.861909e-14  2.249360e-15
151  6.354530e-14  4.576714e-14  3.304926e-14  2.097571e-14  2.404016e-15
152  1.207085e-13  8.428385e-14  5.715302e-14  3.407230e-14  2.850624e-15
153  1.596567e-13  1.059954e-13  6.686154e-14  3.398254e-14  2.048890e-15
154  1.607575e-13  1.016708e-13  6.200484e-14  2.819105e-14  1.479669e-15
155  1.652779e-13  9.986117e-14  5.800415e-14  2.878365e-14  1.305059e-15
156  2.012325e-13  1.144177e-13  6.820477e-14  4.010624e-14  1.921067e-15
157  1.859727e-13  1.145718e-13  7.483382e-14  4.852483e-14  3.371650e-15
158  1.483890e-13  9.535581e-14  6.413784e-14  4.009015e-14  3.074577e-15
159  1.120633e-13  7.664033e-14  5.185302e-14  3.040270e-14  2.413747e-15
160  8.799736e-14  6.232409e-14  4.421202e-14  2.639781e-14  2.310600e-15
161  7.200063e-14  4.966139e-14  3.448713e-14  2.094494e-14  2.170497e-15
162  5.393136e-14  3.406626e-14  2.160339e-14  1.226362e-14  9.427337e-16
163  4.016495e-14  2.675049e-14  1.716624e-14  9.458494e-15  4.634328e-16
164  5.030995e-14  3.507857e-14  2.236146e-14  1.351743e-14  8.837387e-16
165  6.044004e-14  4.300179e-14  2.685521e-14  1.686339e-14  1.523950e-15
166  6.522895e-14  4.747434e-14  3.294893e-14  2.038632e-14  2.156925e-15
167  8.616765e-14  6.116699e-14  4.439925e-14  2.853479e-14  3.140164e-15
168  1.498849e-13  1.073592e-13  7.244017e-14  4.131688e-14  3.834361e-15
169  1.673649e-13  1.161804e-13  7.239241e-14  3.807490e-14  2.904613e-15
170  1.539043e-13  9.752405e-14  5.722630e-14  3.021244e-14  1.872978e-15
171  1.519305e-13  9.018146e-14  5.658147e-14  3.457766e-14  2.004512e-15
172  1.263097e-13  8.064063e-14  5.530922e-14  3.569653e-14  2.627266e-15
173  1.011139e-13  6.781888e-14  4.720064e-14  2.913196e-14  2.370318e-15
174  8.140461e-14  5.608294e-14  4.039648e-14  2.450143e-14  2.215609e-15
175  6.387922e-14  4.118801e-14  2.790267e-14  1.607576e-14  1.425365e-15
176  5.014894e-14  3.295840e-14  2.152899e-14  1.179762e-14  7.655860e-16
177  5.359348e-14  3.683183e-14  2.512693e-14  1.468366e-14  1.249014e-15
178  6.613539e-14  4.636371e-14  3.208679e-14  1.874219e-14  1.839316e-15
179  1.023869e-13  7.304237e-14  5.228698e-14  3.096660e-14  3.395501e-15
180  1.529180e-13  1.079187e-13  7.187713e-14  4.098887e-14  4.439428e-15
181  1.488698e-13  9.827010e-14  6.282672e-14  3.739563e-14  3.429777e-15
182  1.179302e-13  7.543546e-14  5.187719e-14  3.469276e-14  2.837436e-15
183  9.194683e-14  6.249545e-14  4.376091e-14  2.930416e-14  2.723931e-15
184  7.371895e-14  5.060673e-14  3.457099e-14  2.160622e-14  2.048882e-15
185  6.071053e-14  4.060858e-14  2.561810e-14  1.453326e-14  1.134198e-15
186  6.438874e-14  4.383057e-14  2.980155e-14  1.661276e-14  1.529604e-15
187  1.031695e-13  7.229267e-14  5.079103e-14  2.824091e-14  3.104073e-15
188  1.315468e-13  8.645672e-14  5.893808e-14  3.628075e-14  4.235165e-15
189  1.003395e-13  6.630074e-14  4.628206e-14  3.143169e-14  3.444875e-15
190  7.624995e-14  5.229884e-14  3.320405e-14  2.051632e-14  2.210635e-15
191  9.099992e-14  6.162476e-14  4.142246e-14  2.363709e-14  2.606392e-15
