  0  7.440752e-15  3.941664e-15  2.128972e-15  1.037981e-15  5.872656e-17
  1  7.834570e-15  3.804763e-15  1.984900e-15  9.530994e-16  5.862289e-17
  2  7.345406e-15  3.364368e-15  1.711147e-15  7.884797e-16  3.571524e-17
  3  6.362567e-15  3.013027e-15  1.753762e-15  8.790092e-16  4.251628e-17
  4  6.953736e-15  3.829853e-15  2.089249e-15  9.764370e-16  4.385152e-17
  5  8.269508e-15  4.368556e-15  2.304181e-15  1.064113e-15  6.636234e-17
  6  8.242297e-15  4.038053e-15  2.166579e-15  1.048274e-15  7.656981e-17
  7  7.028802e-15  3.483593e-15  1.754008e-15  8.224770e-16  4.445180e-17
  8  6.992947e-15  3.406507e-15  1.486094e-15  6.693612e-16  2.746454e-17
  9  6.867906e-15  2.980416e-15  1.495298e-15  6.623562e-16  2.897528e-17
 10  5.879123e-15  2.581676e-15  1.495207e-15  7.220841e-16  3.550582e-17
 11  5.891118e-15  2.907965e-15  1.647267e-15  8.429029e-16  4.134095e-17
 12  6.819054e-15  3.530782e-15  1.989925e-15  8.899759e-16  4.008471e-17
 13  7.542407e-15  4.075924e-15  2.267950e-15  9.667951e-16  4.355477e-17
 14  8.675909e-15  4.476746e-15  2.347661e-15  1.071521e-15  6.659906e-17
 15  8.491187e-15  4.244108e-15  2.343628e-15  1.124792e-15  7.643640e-17
 16  7.390113e-15  3.645551e-15  2.062843e-15  9.564811e-16  6.291737e-17
 17  6.205175e-15  3.075763e-15  1.596798e-15  7.174157e-16  3.914975e-17
 18  5.839858e-15  2.874552e-15  1.305586e-15  5.684469e-16  2.721751e-17
 19  5.921769e-15  2.726149e-15  1.226477e-15  5.360787e-16  2.392311e-17
 20  5.826747e-15  2.459093e-15  1.263349e-15  5.671675e-16  2.899051e-17
 21  5.406404e-15  2.395426e-15  1.269678e-15  6.036489e-16  3.229399e-17
 22  4.847879e-15  2.233690e-15  1.262937e-15  6.553757e-16  3.505555e-17
 23  5.797793e-15  2.745189e-15  1.538051e-15  7.483388e-16  4.183096e-17
 24  6.868959e-15  3.272960e-15  1.863240e-15  8.324159e-16  3.940528e-17
 25  7.312340e-15  3.849979e-15  2.158592e-15  9.379271e-16  4.485315e-17
 26  8.112192e-15  4.361616e-15  2.373287e-15  1.063369e-15  5.317318e-17
 27  9.018535e-15  4.667570e-15  2.466733e-15  1.155870e-15  6.123246e-17
 28  9.088188e-15  4.670663e-15  2.629518e-15  1.230748e-15  6.791661e-17
 29  9.061116e-15  4.438691e-15  2.558790e-15  1.153327e-15  6.534605e-17
 30  7.680465e-15  3.688763e-15  2.011737e-15  9.047996e-16  5.652686e-17
 31  6.091684e-15  2.864225e-15  1.526380e-15  6.637198e-16  3.698674e-17
 32  5.426522e-15  2.437844e-15  1.233464e-15  5.192863e-16  2.666915e-17
 33  4.770464e-15  2.187147e-15  1.052857e-15  4.493420e-16  2.479340e-17
 34  4.302490e-15  1.952660e-15  1.013968e-15  4.411732e-16  2.217252e-17
 35  4.308592e-15  1.916568e-15  1.015305e-15  4.651257e-16  2.877695e-17
 36  4.441415e-15  2.052299e-15  1.016115e-15  4.899514e-16  2.744652e-17
 37  3.942922e-15  1.968930e-15  1.027399e-15  5.373654e-16  2.869114e-17
 38  4.424705e-15  2.072953e-15  1.155132e-15  5.915325e-16  3.134477e-17
 39  6.016082e-15  2.610585e-15  1.479377e-15  6.929311e-16  3.699136e-17
 40  6.717894e-15  2.812572e-15  1.586147e-15  7.336556e-16  3.072934e-17
 41  7.103467e-15  3.509653e-15  1.903061e-15  8.505090e-16  3.708017e-17
 42  7.822560e-15  4.141412e-15  2.233584e-15  1.040714e-15  5.433122e-17
 43  8.948453e-15  4.789410e-15  2.577879e-15  1.241988e-15  5.815207e-17
 44  9.875590e-15  5.092443e-15  2.801765e-15  1.308655e-15  6.378328e-17
 45  1.088648e-14  5.411328e-15  3.085059e-15  1.387905e-15  7.253829e-17
 46  1.030396e-14  4.744495e-15  2.567977e-15  1.144944e-15  6.138993e-17
 47  7.113672e-15  3.375686e-15  1.780578e-15  8.130721e-16  4.302832e-17
 48  5.717181e-15  2.490194e-15  1.301695e-15  5.745286e-16  2.773752e-17
 49  5.129297e-15  2.124828e-15  1.040134e-15  4.555048e-16  2.576814e-17
 50  3.755648e-15  1.706570e-15  8.608748e-16  3.727400e-16  1.880959e-17
 51  3.100695e-15  1.531769e-15  8.496215e-16  3.752114e-16  2.038683e-17
 52  3.229833e-15  1.574400e-15  8.231683e-16  3.929813e-16  2.515396e-17
 53  3.343521e-15  1.702233e-15  8.378666e-16  4.259678e-16  2.159276e-17
 54  3.399407e-15  1.814688e-15  9.640356e-16  5.043573e-16  2.697638e-17
 55  5.307050e-15  2.258619e-15  1.254130e-15  5.942204e-16  2.370900e-17
 56  6.896439e-15  3.143661e-15  1.678977e-15  7.747455e-16  2.874224e-17
 57  7.349531e-15  3.736540e-15  1.978797e-15  9.145229e-16  3.989159e-17
 58  8.699551e-15  4.611720e-15  2.508378e-15  1.204832e-15  6.281178e-17
 59  1.044505e-14  5.354601e-15  2.892956e-15  1.385249e-15  6.466665e-17
 60  1.158893e-14  5.892613e-15  3.288601e-15  1.484515e-15  7.789455e-17
 61  1.224173e-14  5.795579e-15  3.176014e-15  1.462243e-15  7.870324e-17
 62  9.020629e-15  4.208706e-15  2.228926e-15  1.032268e-15  5.047341e-17
 63  6.018486e-15  2.777690e-15  1.476394e-15  6.999381e-16  3.145541e-17
 64  5.497899e-15  2.228411e-15  1.133679e-15  5.169953e-16  2.887218e-17
 65  4.435895e-15  1.862512e-15  9.033366e-16  4.049417e-16  2.278311e-17
 66  3.126201e-15  1.454861e-15  7.689992e-16  3.366757e-16  1.387200e-17
 67  2.578418e-15  1.300962e-15  7.405293e-16  3.459237e-16  2.227652e-17
 68  2.838717e-15  1.421051e-15  7.488736e-16  3.749211e-16  1.981644e-17
 69  3.076612e-15  1.646888e-15  8.614858e-16  4.384012e-16  2.366435e-17
 70  3.899179e-15  1.923358e-15  1.059705e-15  5.095286e-16  2.114214e-17
 71  6.258241e-15  2.438347e-15  1.370128e-15  6.198237e-16  2.100696e-17
 72  6.521907e-15  2.730313e-15  1.480610e-15  6.802131e-16  3.112194e-17
 73  6.808591e-15  3.418155e-15  1.799100e-15  8.300302e-16  3.109033e-17
 74  8.045399e-15  4.195802e-15  2.252783e-15  1.056569e-15  5.410462e-17
 75  1.060931e-14  5.368948e-15  2.924010e-15  1.381103e-15  7.083597e-17
 76  1.233788e-14  6.155702e-15  3.332963e-15  1.548210e-15  7.192700e-17
 77  1.259001e-14  6.400758e-15  3.528638e-15  1.651376e-15  8.809207e-17
 78  1.095711e-14  5.215593e-15  2.851692e-15  1.396829e-15  7.131694e-17
 79  7.302577e-15  3.425047e-15  1.810082e-15  8.633469e-16  3.809088e-17
 80  5.335741e-15  2.330083e-15  1.245584e-15  5.967439e-16  2.960301e-17
 81  5.000271e-15  2.105336e-15  1.075269e-15  4.665890e-16  3.326517e-17
 82  3.678187e-15  1.601865e-15  8.347283e-16  3.707696e-16  1.473374e-17
 83  2.810313e-15  1.282776e-15  7.053106e-16  3.210206e-16  1.828733e-17
 84  2.637880e-15  1.260311e-15  7.330315e-16  3.626668e-16  2.422603e-17
 85  3.073608e-15  1.534926e-15  8.443894e-16  4.272016e-16  1.898499e-17
 86  3.154253e-15  1.714522e-15  9.828552e-16  4.809286e-16  2.257069e-17
 87  4.638201e-15  2.008290e-15  1.148228e-15  5.089597e-16  1.820201e-17
 88  6.186274e-15  3.010359e-15  1.599772e-15  7.424978e-16  4.142746e-17
 89  7.136037e-15  3.689505e-15  1.950456e-15  9.141197e-16  4.375577e-17
 90  9.710003e-15  4.990652e-15  2.714467e-15  1.236603e-15  6.972408e-17
 91  1.264341e-14  6.119604e-15  3.300547e-15  1.572440e-15  7.030592e-17
 92  1.301538e-14  6.764571e-15  3.687128e-15  1.712821e-15  7.663878e-17
 93  1.163581e-14  5.969587e-15  3.380281e-15  1.722404e-15  8.677151e-17
 94  9.481464e-15  4.393537e-15  2.369938e-15  1.166971e-15  5.171346e-17
 95  5.877436e-15  2.739314e-15  1.474481e-15  7.041905e-16  3.175935e-17
 96  4.928439e-15  2.151254e-15  1.149145e-15  4.998816e-16  3.381766e-17
 97  4.091346e-15  1.884289e-15  1.014218e-15  4.270529e-16  2.862804e-17
 98  3.215588e-15  1.409267e-15  7.604918e-16  3.496556e-16  1.492561e-17
 99  3.040025e-15  1.314954e-15  7.372816e-16  3.651432e-16  2.602890e-17
100  2.974033e-15  1.406263e-15  8.183692e-16  4.196641e-16  2.289754e-17
101  3.222981e-15  1.651322e-15  9.709915e-16  4.832735e-16  2.129311e-17
102  3.209573e-15  1.700199e-15  1.021524e-15  4.796057e-16  1.960644e-17
103  5.219857e-15  2.192083e-15  1.227889e-15  5.491611e-16  3.127226e-17
104  5.233711e-15  2.443035e-15  1.321578e-15  6.050360e-16  4.532919e-17
105  6.200251e-15  3.134849e-15  1.688403e-15  7.919855e-16  4.212388e-17
106  8.230100e-15  4.222439e-15  2.252728e-15  1.036242e-15  6.654703e-17
107  1.148344e-14  5.649676e-15  3.059211e-15  1.411919e-15  7.116560e-17
108  1.309231e-14  6.679418e-15  3.614414e-15  1.720897e-15  6.738209e-17
109  1.206587e-14  6.472080e-15  3.660099e-15  1.793515e-15  8.353430e-17
110  1.069641e-14  5.267903e-15  2.989355e-15  1.539727e-15  6.817801e-17
111  7.775566e-15  3.474862e-15  1.898371e-15  8.994365e-16  3.602423e-17
112  4.973413e-15  2.252197e-15  1.234116e-15  5.604007e-16  2.966030e-17
113  4.283272e-15  2.028252e-15  1.110931e-15  4.560150e-16  3.735636e-17
114  3.431604e-15  1.610669e-15  8.934893e-16  4.096493e-16  2.191964e-17
115  3.348680e-15  1.458597e-15  7.640612e-16  3.934236e-16  2.395588e-17
116  3.388825e-15  1.456907e-15  8.277018e-16  4.342895e-16  2.848303e-17
117  2.919090e-15  1.485447e-15  8.823335e-16  4.495538e-16  2.499101e-17
118  2.943637e-15  1.576806e-15  9.482038e-16  4.676106e-16  2.215053e-17
119  3.645498e-15  1.808358e-15  1.053125e-15  4.902318e-16  2.522927e-17
120  5.228276e-15  2.599105e-15  1.435526e-15  6.632229e-16  4.009727e-17
121  6.879081e-15  3.358351e-15  1.837268e-15  8.525554e-16  5.450172e-17
122  9.439138e-15  4.758403e-15  2.551749e-15  1.160131e-15  7.285908e-17
123  1.181557e-14  6.000277e-15  3.219886e-15  1.530492e-15  6.676905e-17
124  1.218442e-14  6.496253e-15  3.594929e-15  1.709604e-15  7.356307e-17
125  1.073156e-14  5.680931e-15  3.294258e-15  1.661668e-15  7.762182e-17
126  9.376380e-15  4.285261e-15  2.381586e-15  1.155950e-15  4.523930e-17
127  5.852343e-15  2.618204e-15  1.500421e-15  6.993978e-16  3.070502e-17
128  4.472193e-15  2.005356e-15  1.104496e-15  4.790119e-16  3.093830e-17
129  3.630405e-15  1.807202e-15  9.883449e-16  4.554430e-16  3.285019e-17
130  3.369777e-15  1.560160e-15  8.284998e-16  4.318605e-16  2.349117e-17
131  3.589604e-15  1.541189e-15  8.194896e-16  4.534351e-16  2.928000e-17
132  2.935719e-15  1.442879e-15  8.399993e-16  4.417409e-16  3.041372e-17
133  2.694472e-15  1.485001e-15  8.811783e-16  4.430608e-16  2.767363e-17
134  2.934148e-15  1.582297e-15  9.214679e-16  4.482339e-16  2.220096e-17
135  4.098038e-15  2.023885e-15  1.129065e-15  5.215807e-16  3.163741e-17
136  4.454233e-15  2.197788e-15  1.248202e-15  5.722720e-16  3.167458e-17
137  5.583651e-15  2.730469e-15  1.561371e-15  7.155707e-16  4.113445e-17
138  7.463044e-15  3.693175e-15  2.017723e-15  9.155193e-16  5.922921e-17
139  9.735120e-15  5.001988e-15  2.668598e-15  1.245422e-15  6.591959e-17
140  1.085961e-14  5.708605e-15  3.107852e-15  1.473421e-15  6.815537e-17
141  1.050191e-14  5.556224e-15  3.168329e-15  1.526153e-15  7.611870e-17
142  9.353761e-15  4.632025e-15  2.622591e-15  1.275327e-15  5.659252e-17
143  7.080442e-15  3.185340e-15  1.806812e-15  8.467439e-16  3.452548e-17
144  4.840642e-15  2.174198e-15  1.221160e-15  5.478384e-16  2.841577e-17
145  3.855400e-15  1.837341e-15  9.907291e-16  4.696061e-16  2.982859e-17
146  3.487374e-15  1.650573e-15  8.638530e-16  4.502484e-16  2.524307e-17
147  3.395407e-15  1.543088e-15  8.123197e-16  4.538327e-16  2.745673e-17
148  3.006237e-15  1.459407e-15  8.072996e-16  4.527771e-16  3.040858e-17
149  2.665293e-15  1.516403e-15  8.955066e-16  4.641623e-16  3.335056e-17
150  2.845005e-15  1.572189e-15  9.015682e-16  4.413799e-16  2.578487e-17
151  3.375517e-15  1.695368e-15  9.757728e-16  4.690815e-16  2.414447e-17
152  4.802446e-15  2.330493e-15  1.373894e-15  6.297156e-16  3.778903e-17
153  5.832215e-15  2.934653e-15  1.661002e-15  7.490254e-16  4.382087e-17
154  7.560519e-15  3.914532e-15  2.131414e-15  9.835355e-16  5.351593e-17
155  8.778688e-15  4.589020e-15  2.521900e-15  1.191475e-15  6.642648e-17
156  9.171103e-15  4.734484e-15  2.677466e-15  1.267155e-15  7.369561e-17
157  8.811322e-15  4.422625e-15  2.535817e-15  1.204387e-15  6.468195e-17
158  7.595471e-15  3.549755e-15  1.989678e-15  9.243754e-16  4.209871e-17
159  5.708065e-15  2.610242e-15  1.449461e-15  6.464725e-16  3.077460e-17
160  4.451459e-15  1.996787e-15  1.088864e-15  4.943326e-16  2.705171e-17
161  3.792524e-15  1.709398e-15  9.057472e-16  4.666786e-16  2.448669e-17
162  3.487336e-15  1.576615e-15  8.350960e-16  4.551410e-16  2.794317e-17
163  3.043238e-15  1.499358e-15  7.996206e-16  4.546347e-16  3.019568e-17
164  2.787307e-15  1.565225e-15  8.771257e-16  4.830531e-16  3.391448e-17
165  3.048232e-15  1.733888e-15  9.856341e-16  5.006008e-16  3.384091e-17
166  3.470717e-15  1.627367e-15  9.292847e-16  4.553804e-16  3.082208e-17
167  4.166151e-15  1.840369e-15  1.088689e-15  5.230974e-16  3.237731e-17
168  5.072776e-15  2.336471e-15  1.388397e-15  6.387180e-16  3.867231e-17
169  6.207456e-15  3.118426e-15  1.736162e-15  8.015986e-16  4.552440e-17
170  7.396554e-15  3.735410e-15  2.083346e-15  9.922980e-16  6.405397e-17
171  7.694137e-15  3.827956e-15  2.195196e-15  1.047864e-15  7.205621e-17
172  7.313701e-15  3.480665e-15  1.982534e-15  9.293950e-16  5.526878e-17
173  6.105120e-15  2.684417e-15  1.479390e-15  6.748572e-16  3.626071e-17
174  5.029544e-15  2.029101e-15  1.121571e-15  5.342643e-16  2.871086e-17
175  4.104163e-15  1.731390e-15  9.397761e-16  4.948513e-16  3.205058e-17
176  3.409522e-15  1.661366e-15  8.656023e-16  4.739209e-16  3.602839e-17
177  3.178859e-15  1.733954e-15  9.230297e-16  5.021326e-16  3.730237e-17
178  3.782441e-15  1.750885e-15  9.686531e-16  4.965975e-16  3.955249e-17
179  4.632026e-15  1.803788e-15  1.075252e-15  5.252666e-16  3.814602e-17
180  5.862534e-15  2.434458e-15  1.410016e-15  6.581578e-16  3.860714e-17
181  6.854873e-15  3.078063e-15  1.695468e-15  8.171088e-16  5.367665e-17
182  6.784203e-15  3.143595e-15  1.778222e-15  8.651500e-16  6.048626e-17
183  6.142340e-15  2.631437e-15  1.474171e-15  7.103311e-16  4.443023e-17
184  5.422548e-15  2.078471e-15  1.150908e-15  5.752916e-16  3.512894e-17
185  4.407338e-15  1.922681e-15  1.002831e-15  5.211877e-16  4.008490e-17
186  4.209529e-15  1.897078e-15  9.997657e-16  5.286324e-16  4.145524e-17
187  5.161235e-15  1.916566e-15  1.110668e-15  5.509373e-16  3.992210e-17
188  6.698803e-15  2.562076e-15  1.432443e-15  6.856237e-16  4.310702e-17
189  6.390054e-15  2.602731e-15  1.459713e-15  7.119523e-16  4.670186e-17
190  5.759495e-15  2.228882e-15  1.215550e-15  6.006328e-16  4.104851e-17
191  5.802039e-15  2.165578e-15  1.201034e-15  5.963310e-16  4.244867e-17
