  0  1.143444e-14  6.393398e-15  3.642008e-15  1.579680e-15  9.732789e-17
  1  1.173754e-14  7.120098e-15  3.945734e-15  1.663808e-15  1.260097e-16
  2  8.764370e-15  5.871077e-15  3.814521e-15  1.840080e-15  1.422073e-16
  3  8.811777e-15  5.513751e-15  3.530133e-15  1.690270e-15  1.503478e-16
  4  1.396974e-14  7.830547e-15  4.277761e-15  1.999616e-15  9.453674e-17
  5  1.387132e-14  7.738659e-15  4.500548e-15  1.981994e-15  1.330741e-16
  6  1.458570e-14  8.256218e-15  4.580745e-15  2.071675e-15  1.503859e-16
  7  1.295335e-14  8.077910e-15  4.291307e-15  1.973317e-15  1.416516e-16
  8  1.008516e-14  6.728294e-15  3.955404e-15  1.861853e-15  1.260716e-16
  9  7.511969e-15  5.100632e-15  3.558608e-15  2.031526e-15  1.343282e-16
 10  7.590383e-15  4.923197e-15  3.379342e-15  1.858497e-15  1.826653e-16
 11  1.087826e-14  6.481735e-15  3.630254e-15  1.715397e-15  1.743501e-16
 12  1.678266e-14  9.359730e-15  4.898174e-15  2.252541e-15  1.089434e-16
 13  1.739927e-14  1.062934e-14  6.007224e-15  2.816385e-15  1.637742e-16
 14  1.906754e-14  1.131812e-14  6.292056e-15  2.858421e-15  1.847917e-16
 15  1.855718e-14  1.016339e-14  6.037685e-15  2.924297e-15  1.832983e-16
 16  1.683740e-14  9.832022e-15  5.359719e-15  2.747159e-15  1.616111e-16
 17  1.307776e-14  8.140472e-15  4.069367e-15  2.011372e-15  1.285850e-16
 18  1.070513e-14  7.276924e-15  3.926320e-15  1.823432e-15  1.024913e-16
 19  8.646510e-15  5.914059e-15  3.654513e-15  1.998359e-15  8.984619e-17
 20  7.520137e-15  4.832493e-15  3.332303e-15  2.011746e-15  1.114959e-16
 21  7.581973e-15  5.065212e-15  3.483370e-15  1.992535e-15  1.538938e-16
 22  8.570616e-15  5.626543e-15  3.670653e-15  2.163208e-15  2.378418e-16
 23  1.270345e-14  7.677355e-15  4.027971e-15  1.924882e-15  1.659239e-16
 24  1.873631e-14  1.063884e-14  5.236772e-15  2.549297e-15  1.365458e-16
 25  2.092043e-14  1.197822e-14  6.878821e-15  3.340921e-15  2.264498e-16
 26  2.411077e-14  1.594296e-14  8.664469e-15  4.276752e-15  2.860537e-16
 27  2.714825e-14  1.632224e-14  9.231899e-15  4.345613e-15  2.747263e-16
 28  2.390913e-14  1.337355e-14  8.122305e-15  4.042679e-15  2.631245e-16
 29  2.098110e-14  1.187139e-14  7.310002e-15  3.924405e-15  2.329605e-16
 30  1.797117e-14  9.909550e-15  5.402064e-15  2.859703e-15  1.606498e-16
 31  1.357692e-14  7.888224e-15  4.019832e-15  2.073245e-15  1.385422e-16
 32  1.140299e-14  7.611074e-15  4.028663e-15  1.836997e-15  1.248206e-16
 33  9.760716e-15  6.769767e-15  4.004227e-15  1.947005e-15  8.325804e-17
 34  8.264652e-15  5.180781e-15  3.319476e-15  1.907431e-15  9.737268e-17
 35  8.007563e-15  4.939944e-15  3.100443e-15  1.708566e-15  1.008610e-16
 36  7.646861e-15  5.458931e-15  3.537652e-15  1.876277e-15  1.289962e-16
 37  7.979367e-15  5.919779e-15  4.095312e-15  2.677379e-15  2.020322e-16
 38  9.618443e-15  6.639800e-15  4.379302e-15  2.784306e-15  2.170978e-16
 39  1.444321e-14  8.967834e-15  4.528025e-15  2.337541e-15  1.451722e-16
 40  1.765270e-14  1.107865e-14  5.258894e-15  2.851528e-15  1.966695e-16
 41  2.140971e-14  1.283665e-14  7.138151e-15  3.825025e-15  2.977002e-16
 42  2.680671e-14  1.671609e-14  1.013938e-14  5.355160e-15  3.859691e-16
 43  3.414977e-14  2.160327e-14  1.312700e-14  6.548660e-15  4.311685e-16
 44  3.295255e-14  1.938992e-14  1.210716e-14  5.727399e-15  3.669342e-16
 45  2.590749e-14  1.476221e-14  9.297667e-15  5.083437e-15  3.773303e-16
 46  2.160099e-14  1.157514e-14  7.258512e-15  4.045299e-15  2.705809e-16
 47  1.692510e-14  8.796146e-15  4.973348e-15  2.687501e-15  1.817569e-16
 48  1.235456e-14  7.369841e-15  4.005120e-15  1.926585e-15  1.468617e-16
 49  1.063432e-14  7.465483e-15  4.219209e-15  1.844565e-15  1.161498e-16
 50  8.979839e-15  5.552003e-15  3.621438e-15  1.902177e-15  1.144809e-16
 51  8.266119e-15  4.644559e-15  2.921263e-15  1.580169e-15  1.010062e-16
 52  7.411660e-15  5.322004e-15  3.062431e-15  1.372500e-15  1.017072e-16
 53  7.492750e-15  5.666814e-15  3.596848e-15  2.066867e-15  1.496985e-16
 54  8.722728e-15  6.426442e-15  4.604250e-15  3.187511e-15  2.065496e-16
 55  1.255399e-14  8.127915e-15  4.963959e-15  2.964049e-15  1.906941e-16
 56  1.986377e-14  1.318880e-14  7.190084e-15  4.064816e-15  4.050154e-16
 57  2.667913e-14  1.641795e-14  1.035363e-14  5.720936e-15  4.714495e-16
 58  3.794037e-14  2.327536e-14  1.468351e-14  7.768755e-15  5.034348e-16
 59  4.365027e-14  2.602876e-14  1.665464e-14  8.058058e-15  5.216825e-16
 60  3.549020e-14  2.083028e-14  1.309209e-14  6.696625e-15  4.639946e-16
 61  2.588423e-14  1.385533e-14  8.900680e-15  5.107794e-15  3.963638e-16
 62  2.054851e-14  9.988983e-15  6.216895e-15  3.594667e-15  2.642840e-16
 63  1.403013e-14  7.836716e-15  4.477718e-15  2.305908e-15  1.583427e-16
 64  1.079103e-14  6.860927e-15  3.850457e-15  1.824040e-15  1.179716e-16
 65  9.703192e-15  6.199481e-15  3.724507e-15  1.770466e-15  1.226612e-16
 66  8.480274e-15  4.471788e-15  3.080247e-15  1.711987e-15  1.130701e-16
 67  7.508397e-15  4.917995e-15  2.776135e-15  1.297399e-15  9.772256e-17
 68  7.249458e-15  5.569578e-15  3.060318e-15  1.395734e-15  1.173485e-16
 69  8.201994e-15  5.706087e-15  3.892603e-15  2.314490e-15  1.523622e-16
 70  1.114441e-14  7.067513e-15  4.907706e-15  3.024595e-15  2.127697e-16
 71  1.610114e-14  9.881681e-15  5.650479e-15  3.161468e-15  2.694484e-16
 72  1.808301e-14  1.197511e-14  7.584944e-15  4.364222e-15  4.659497e-16
 73  2.375543e-14  1.535592e-14  9.612470e-15  5.394144e-15  5.047766e-16
 74  3.751813e-14  2.145750e-14  1.348978e-14  7.466241e-15  5.253471e-16
 75  4.878335e-14  2.826534e-14  1.738873e-14  8.977130e-15  5.863257e-16
 76  4.736950e-14  2.753300e-14  1.728379e-14  8.738161e-15  5.834882e-16
 77  3.375610e-14  1.859383e-14  1.180439e-14  6.408130e-15  4.790111e-16
 78  2.367639e-14  1.166612e-14  7.559219e-15  4.489132e-15  3.309574e-16
 79  1.767561e-14  8.480146e-15  5.269079e-15  2.955492e-15  1.800937e-16
 80  1.169394e-14  6.996924e-15  4.068818e-15  2.105315e-15  1.310339e-16
 81  1.005813e-14  6.183133e-15  3.491139e-15  1.704572e-15  1.030056e-16
 82  9.433077e-15  4.897924e-15  3.126542e-15  1.592661e-15  1.138828e-16
 83  7.931629e-15  4.489934e-15  2.751119e-15  1.437736e-15  1.041741e-16
 84  7.068872e-15  5.459740e-15  2.860193e-15  1.292610e-15  1.079533e-16
 85  8.258799e-15  5.790858e-15  3.396326e-15  1.559007e-15  1.011320e-16
 86  9.727951e-15  6.123923e-15  4.254352e-15  2.268576e-15  1.668877e-16
 87  1.543129e-14  8.956991e-15  5.613486e-15  3.013799e-15  2.371021e-16
 88  1.995348e-14  1.342254e-14  9.289868e-15  5.361011e-15  4.836475e-16
 89  3.110934e-14  1.738211e-14  1.085876e-14  6.135178e-15  4.729107e-16
 90  4.508289e-14  2.418740e-14  1.444329e-14  8.017929e-15  5.186599e-16
 91  5.079719e-14  2.826593e-14  1.708002e-14  9.017690e-15  6.553828e-16
 92  4.189084e-14  2.316301e-14  1.475876e-14  7.828907e-15  5.672375e-16
 93  2.716042e-14  1.444802e-14  9.347000e-15  5.314599e-15  4.099728e-16
 94  2.097573e-14  9.352575e-15  6.241796e-15  3.710489e-15  2.208133e-16
 95  1.346431e-14  7.552931e-15  4.829952e-15  2.569967e-15  1.354667e-16
 96  1.136600e-14  6.615753e-15  3.822296e-15  1.991957e-15  1.078706e-16
 97  1.007360e-14  5.467932e-15  3.027378e-15  1.460003e-15  1.031608e-16
 98  9.575210e-15  4.528972e-15  2.926638e-15  1.474982e-15  1.027275e-16
 99  6.850441e-15  4.551677e-15  2.530619e-15  1.215151e-15  9.892303e-17
100  7.817499e-15  5.854256e-15  3.145452e-15  1.455866e-15  9.929836e-17
101  8.854435e-15  5.840690e-15  3.736040e-15  1.604938e-15  8.654140e-17
102  1.347294e-14  8.025893e-15  4.926249e-15  2.318037e-15  1.818337e-16
103  1.806308e-14  1.151985e-14  7.892692e-15  4.416464e-15  3.552335e-16
104  1.834318e-14  1.247048e-14  9.468762e-15  5.613115e-15  4.106658e-16
105  2.384399e-14  1.370728e-14  8.989138e-15  5.138942e-15  3.707649e-16
106  3.545074e-14  1.776114e-14  1.070100e-14  6.305650e-15  4.295306e-16
107  4.184063e-14  2.208859e-14  1.314269e-14  7.394328e-15  5.322485e-16
108  4.343338e-14  2.300079e-14  1.440902e-14  7.842637e-15  6.273735e-16
109  3.108006e-14  1.665664e-14  1.077140e-14  6.001269e-15  5.068724e-16
110  2.143488e-14  1.085422e-14  7.208401e-15  4.217476e-15  3.207785e-16
111  1.616990e-14  8.147586e-15  5.668132e-15  3.102314e-15  1.693377e-16
112  1.240222e-14  7.549290e-15  4.655588e-15  2.437937e-15  1.434604e-16
113  1.062910e-14  6.330115e-15  3.474769e-15  1.768879e-15  1.022705e-16
114  1.091494e-14  4.880869e-15  3.020093e-15  1.406480e-15  1.065006e-16
115  8.414572e-15  4.122756e-15  2.602352e-15  1.342674e-15  9.672040e-17
116  6.476398e-15  4.593325e-15  2.639291e-15  1.260637e-15  9.000512e-17
117  7.627750e-15  5.268939e-15  3.018399e-15  1.461859e-15  7.465384e-17
118  1.080617e-14  6.568397e-15  4.122962e-15  1.689759e-15  1.228939e-16
119  1.747983e-14  1.105960e-14  7.188794e-15  3.649340e-15  2.451272e-16
120  1.989359e-14  1.212359e-14  8.543218e-15  4.963914e-15  3.549485e-16
121  2.658933e-14  1.313923e-14  8.132878e-15  4.829465e-15  3.284811e-16
122  2.994607e-14  1.544784e-14  9.461011e-15  5.758647e-15  3.861489e-16
123  3.499198e-14  1.802710e-14  1.130332e-14  6.375045e-15  5.297524e-16
124  3.224882e-14  1.674618e-14  1.066611e-14  6.027103e-15  5.518982e-16
125  2.262833e-14  1.207916e-14  7.741196e-15  4.538810e-15  4.392532e-16
126  1.686689e-14  8.958160e-15  6.196768e-15  3.340264e-15  2.583116e-16
127  1.344294e-14  8.497428e-15  5.546963e-15  2.874485e-15  2.074377e-16
128  1.171630e-14  7.449354e-15  4.283553e-15  2.267914e-15  1.495283e-16
129  1.016229e-14  5.512485e-15  3.392325e-15  1.665367e-15  1.134684e-16
130  1.064371e-14  4.784384e-15  3.337896e-15  1.576654e-15  1.194121e-16
131  6.269797e-15  3.756979e-15  2.470721e-15  1.308890e-15  9.221884e-17
132  6.066550e-15  4.013387e-15  2.453540e-15  1.388805e-15  8.250770e-17
133  8.177518e-15  4.653950e-15  2.808957e-15  1.407221e-15  1.243627e-16
134  1.425520e-14  9.029641e-15  5.749342e-15  2.575906e-15  1.940875e-16
135  1.852442e-14  1.190815e-14  8.436512e-15  4.894997e-15  3.161987e-16
136  1.852335e-14  1.128832e-14  7.490743e-15  4.267446e-15  2.947971e-16
137  2.141206e-14  1.136918e-14  7.274659e-15  4.079577e-15  3.082638e-16
138  2.235225e-14  1.162677e-14  7.362663e-15  4.550937e-15  3.000415e-16
139  2.417638e-14  1.304530e-14  8.405715e-15  5.051068e-15  3.697114e-16
140  2.771611e-14  1.441100e-14  9.152501e-15  5.220219e-15  4.779694e-16
141  2.385731e-14  1.270550e-14  7.928111e-15  4.696483e-15  4.701115e-16
142  1.721205e-14  9.484607e-15  6.196314e-15  3.473189e-15  3.370838e-16
143  1.443598e-14  9.112257e-15  6.041755e-15  3.038477e-15  2.611587e-16
144  1.246022e-14  8.460582e-15  4.958051e-15  2.585288e-15  2.099963e-16
145  1.002321e-14  6.332758e-15  3.894762e-15  2.032136e-15  1.366059e-16
146  1.003068e-14  5.633266e-15  4.137110e-15  1.900363e-15  1.453947e-16
147  8.022491e-15  4.855331e-15  3.648087e-15  1.755999e-15  1.372533e-16
148  5.226572e-15  3.339326e-15  2.356472e-15  1.427087e-15  1.137021e-16
149  6.145227e-15  3.518286e-15  2.192407e-15  1.403480e-15  1.439921e-16
150  1.048799e-14  6.007293e-15  3.552420e-15  1.723257e-15  2.067380e-16
151  1.604452e-14  1.023212e-14  6.464919e-15  3.408461e-15  2.255318e-16
152  1.838116e-14  1.071555e-14  6.672788e-15  3.374746e-15  2.294705e-16
153  1.828340e-14  9.986374e-15  6.442045e-15  3.658401e-15  2.794651e-16
154  1.797103e-14  1.010274e-14  6.681645e-15  4.105447e-15  2.913034e-16
155  2.094660e-14  1.153366e-14  7.390769e-15  4.322453e-15  3.424918e-16
156  2.159009e-14  1.193695e-14  7.448835e-15  4.294169e-15  3.897016e-16
157  1.920454e-14  1.041386e-14  6.537495e-15  3.734447e-15  3.392107e-16
158  1.576675e-14  9.444606e-15  5.933923e-15  3.087202e-15  2.685582e-16
159  1.344395e-14  9.150343e-15  5.376890e-15  2.648576e-15  2.156407e-16
160  1.059416e-14  7.058688e-15  4.124665e-15  2.079861e-15  1.454340e-16
161  8.972495e-15  5.694530e-15  4.044839e-15  1.930144e-15  1.438891e-16
162  8.519091e-15  5.895598e-15  4.687510e-15  2.094428e-15  1.776904e-16
163  6.074617e-15  4.058789e-15  3.135092e-15  1.662476e-15  1.649457e-16
164  5.422297e-15  3.292323e-15  2.252400e-15  1.430330e-15  1.535911e-16
165  7.654018e-15  4.402987e-15  2.420876e-15  1.399323e-15  2.008840e-16
166  1.168291e-14  7.373773e-15  4.142861e-15  2.109606e-15  1.798028e-16
167  1.597445e-14  9.900378e-15  5.951762e-15  3.028362e-15  1.677571e-16
168  1.681475e-14  9.978940e-15  5.997997e-15  3.034797e-15  1.953747e-16
169  1.615288e-14  9.377648e-15  5.998531e-15  3.475237e-15  2.779244e-16
170  1.815923e-14  1.077846e-14  6.832377e-15  3.864135e-15  2.929474e-16
171  2.014207e-14  1.158547e-14  7.212942e-15  3.835524e-15  3.018392e-16
172  1.928259e-14  1.093197e-14  6.536270e-15  3.284751e-15  2.479048e-16
173  1.464262e-14  9.678279e-15  5.360641e-15  2.528938e-15  1.811762e-16
174  9.763202e-15  6.444561e-15  3.814806e-15  1.806874e-15  1.313462e-16
175  7.931528e-15  5.195793e-15  3.852944e-15  1.759290e-15  1.636654e-16
176  6.499677e-15  4.177019e-15  3.126967e-15  1.578444e-15  1.612379e-16
177  6.107714e-15  3.766466e-15  2.401240e-15  1.412333e-15  1.387647e-16
178  8.757371e-15  5.769384e-15  3.185385e-15  1.717860e-15  1.418752e-16
179  1.379979e-14  8.821200e-15  5.112590e-15  2.489693e-15  1.235465e-16
180  1.575671e-14  9.381645e-15  5.377582e-15  2.952560e-15  2.054730e-16
181  1.714167e-14  1.055247e-14  6.609172e-15  3.531682e-15  2.528682e-16
182  1.996132e-14  1.168034e-14  7.234316e-15  3.463290e-15  2.321316e-16
183  1.637439e-14  1.010320e-14  5.638606e-15  2.571464e-15  1.724611e-16
184  9.501342e-15  6.069453e-15  3.587930e-15  1.707256e-15  1.566695e-16
185  7.384173e-15  4.519011e-15  3.013059e-15  1.527022e-15  1.587723e-16
186  7.802336e-15  4.998824e-15  3.039306e-15  1.723004e-15  1.326531e-16
187  1.218784e-14  7.831269e-15  4.371030e-15  2.348325e-15  1.433322e-16
188  1.504129e-14  8.711343e-15  5.237445e-15  2.776567e-15  1.943683e-16
189  1.603211e-14  9.179602e-15  5.576048e-15  2.602040e-15  1.751670e-16
190  1.002948e-14  5.728687e-15  3.447709e-15  1.760497e-15  1.771586e-16
191  1.104334e-14  6.468801e-15  3.746764e-15  2.103467e-15  1.713147e-16
